97
0 0 0
0
4.999990  4.999990  4.999990  4.999990  4.999990  4.999990  4.999990  4.999990  4.999990  4.999990  4.999990  4.999990  4.999990  4.999990  4.999990  4.999990  4.999990  4.999990  4.999990  4.999990  4.999990  4.999990  4.999990  4.999990  4.999990  4.999990  4.999990  4.999990  4.999990  4.999990  4.999990  4.999990  4.999990  4.999990  4.999990  4.999990  4.999990  4.999990  4.999990  4.999990  4.999990  4.999990  4.999990  4.999990  4.999990  4.999990  4.999990  4.999990  4.999990  4.999990  4.999990  4.999990  4.999990  4.999990  4.999990  4.999990  4.999990  4.999990  4.999990  4.999990  4.999990  4.999990  4.999990  4.999990  4.999990  4.999990  4.999990  4.999990  4.999990  4.999990  4.999990  4.999990  4.999990  4.999990  4.999990  4.999990  4.999990  4.999990  4.999990  4.999990  4.999990  
1
4.999990  4.999990  4.999990  4.999990  4.999990  4.999990  4.999990  4.999990  4.999990  4.999990  4.999990  4.999990  4.999990  4.999990  4.999990  4.999990  4.999990  4.999990  4.999990  4.999990  4.999990  4.999990  4.999990  4.999990  4.999990  4.999990  4.999990  4.999990  4.999990  4.999990  4.999990  4.999990  4.999990  4.999990  4.999990  4.999990  4.999990  4.999990  4.999990  4.999990  4.999990  4.999990  4.999990  4.999990  4.999990  4.999990  4.999990  4.999990  4.999990  4.999990  4.999990  4.999990  4.999990  4.999990  4.999990  4.999990  4.999990  4.999990  4.999990  4.999990  4.999990  4.999990  4.999990  4.999990  4.999990  4.999990  4.999990  4.999990  4.999990  4.999990  4.999990  4.999990  4.999990  4.999990  4.999990  4.999990  4.999990  4.999990  4.999990  4.999990  4.999990  
2
4.999990  4.999990  4.999990  4.999990  4.999990  4.999990  4.999990  4.999990  4.999990  4.999990  4.999990  4.999990  4.999990  4.999990  4.999990  4.999990  4.999990  4.999990  4.999990  4.999990  4.999990  4.999990  4.999990  4.999990  4.999990  4.999990  4.999990  4.999990  4.999990  4.999990  4.999990  4.999990  4.999990  4.999990  4.999990  4.999990  4.999990  4.999990  4.999990  4.999990  4.999990  4.999990  4.999990  4.999990  4.999990  4.999990  4.999990  4.999990  4.999990  4.999990  4.999990  4.999990  4.999990  4.999990  4.999990  4.999990  4.999990  4.999990  4.999990  4.999990  4.999990  4.999990  4.999990  4.999990  4.999990  4.999990  4.999990  4.999990  4.999990  4.999990  4.999990  4.999990  4.999990  4.999990  4.999990  4.999990  4.999990  4.999990  4.999990  4.999990  4.999990  
3
4.999990  4.999990  4.999990  4.999990  4.999990  4.999990  4.999990  4.999990  4.999990  4.999990  4.999990  4.999990  4.999990  4.999990  4.999990  4.999990  4.999990  4.999990  4.999990  4.999990  4.999990  4.999990  4.999990  4.999990  4.999990  4.999990  4.999990  4.999990  4.999990  4.999990  4.999990  4.999990  4.999990  4.999990  4.999990  4.999990  4.999990  4.999990  4.999990  4.999990  4.999990  4.999990  4.999990  4.999990  4.999990  4.999990  4.999990  4.999990  4.999990  4.999990  4.999990  4.999990  4.999990  4.999990  4.999990  4.999990  4.999990  4.999990  4.999990  4.999990  4.999990  4.999990  4.999990  4.999990  4.999990  4.999990  4.999990  4.999990  4.999990  4.999990  4.999990  4.999990  4.999990  4.999990  4.999990  4.999990  4.999990  4.999990  4.999990  4.999990  4.999990  
4
4.999990  4.999990  4.999990  4.999990  4.999990  4.999990  4.999990  4.999990  4.999990  4.999990  4.999990  4.999990  4.999990  4.999990  4.999990  4.999990  4.999990  4.999990  4.999990  4.999990  4.999990  4.999990  4.999990  4.999990  4.999990  4.999990  4.999990  4.999990  4.999990  4.999990  4.999990  4.999990  4.999990  4.999990  4.999990  4.999990  4.999990  4.999990  4.999990  4.999990  4.999990  4.999990  4.999990  4.999990  4.999990  4.999990  4.999990  4.999990  4.999990  4.999990  4.999990  4.999990  4.999990  4.999990  4.999990  4.999990  4.999990  4.999990  4.999990  4.999990  4.999990  4.999990  4.999990  4.999990  4.999990  4.999990  4.999990  4.999990  4.999990  4.999990  4.999990  4.999990  4.999990  4.999990  4.999990  4.999990  4.999990  4.999990  4.999990  4.999990  4.999990  
5
4.999990  4.999990  4.999990  4.999990  4.999990  4.999990  4.999990  4.999990  4.999990  4.999990  4.999990  4.999990  4.999990  4.999990  4.999990  4.999990  4.999990  4.999990  4.999990  4.999990  4.999990  4.999990  4.999990  4.999990  4.999990  4.999990  4.999990  4.999990  4.999990  4.999990  4.999990  4.999990  4.999990  4.999990  4.999990  4.999990  4.999990  4.999990  4.999990  4.999990  4.999990  4.999990  4.999990  4.999990  4.999990  4.999990  4.999990  4.999990  4.999990  4.999990  4.999990  4.999990  4.999990  4.999990  4.999990  4.999990  4.999990  4.999990  4.999990  4.999990  4.999990  4.999990  4.999990  4.999990  4.999990  4.999990  4.999990  4.999990  4.999990  4.999990  4.999990  4.999990  4.999990  4.999990  4.999990  4.999990  4.999990  4.999990  4.999990  4.999990  4.999990  
6
4.999990  4.999990  4.999990  4.999990  4.999990  4.999990  4.999990  4.999990  4.999990  4.999990  4.999990  4.999990  4.999990  4.999990  4.999990  4.999990  4.999990  4.999990  4.999990  4.999990  4.999990  4.999990  4.999990  4.999990  4.999990  4.999990  4.999990  4.999990  4.999990  4.999990  4.999990  4.999990  4.999990  4.999990  4.999990  4.999990  4.999990  4.999990  4.999990  4.999990  4.999990  4.999990  4.999990  4.999990  4.999990  4.999990  4.999990  4.999990  4.999990  4.999990  4.999990  4.999990  4.999990  4.999990  4.999990  4.999990  4.999990  4.999990  4.999990  4.999990  4.999990  4.999990  4.999990  4.999990  4.999990  4.999990  4.999990  4.999990  4.999990  4.999990  4.999990  4.999990  4.999990  4.999990  4.999990  4.999990  4.999990  4.999990  4.999990  4.999990  4.999990  
7
4.999990  4.999990  4.999990  4.999990  4.999990  4.999990  4.999990  4.999990  4.999990  4.999990  4.999990  4.999990  4.999990  4.999990  4.999990  4.999990  4.999990  4.999990  4.999990  4.999990  4.999990  4.999990  4.999990  4.999990  4.999990  4.999990  4.999990  4.999990  4.999990  4.999990  4.999990  4.999990  4.999990  4.999990  4.999990  4.999990  4.999990  4.999990  4.999990  4.999990  4.999990  4.999990  4.999990  4.999990  4.999990  4.999990  4.999990  4.999990  4.999990  4.999990  4.999990  4.999990  4.999990  4.999990  4.999990  4.999990  4.999990  4.999990  4.999990  4.999990  4.999990  4.999990  4.999990  4.999990  4.999990  4.999990  4.999990  4.999990  4.999990  4.999990  4.999990  4.999990  4.999990  4.999990  4.999990  4.999990  4.999990  4.999990  4.999990  4.999990  4.999990  
8
4.999990  4.999990  4.999990  4.999990  4.999990  4.999990  4.999990  4.999990  4.999990  4.999990  4.999990  4.999990  4.999990  4.999990  4.999990  4.999990  4.999990  4.999990  4.999990  4.999990  4.999990  4.999990  4.999990  4.999990  4.999990  4.999990  4.999990  4.999990  4.999990  4.999990  4.999990  4.999990  4.999990  4.999990  4.999990  4.999990  4.999990  4.999990  4.999990  4.999990  4.999990  4.999990  4.999990  4.999990  4.999990  4.999990  4.999990  4.999990  4.999990  4.999990  4.999990  4.999990  4.999990  4.999990  4.999990  4.999990  4.999990  4.999990  4.999990  4.999990  4.999990  4.999990  4.999990  4.999990  4.999990  4.999990  4.999990  4.999990  4.999990  4.999990  4.999990  4.999990  4.999990  4.999990  4.999990  4.999990  4.999990  4.999990  4.999990  4.999990  4.999990  
9
4.999990  4.999990  4.999990  4.999990  4.999990  4.999990  4.999990  4.999990  4.999990  4.999990  4.999990  4.999990  4.999990  4.999990  4.999990  4.999990  4.999990  4.999990  4.999990  4.999990  4.999990  4.999990  4.999990  4.999990  4.999990  4.999990  4.999990  4.999990  4.999990  4.999990  4.999990  4.999990  4.999990  4.999990  4.999990  4.999990  4.999990  4.999990  4.999990  4.999990  4.999990  4.999990  4.999990  4.999990  4.999990  4.999990  4.999990  4.999990  4.999990  4.999990  4.999990  4.999990  4.999990  4.999990  4.999990  4.999990  4.999990  4.999990  4.999990  4.999990  4.999990  4.999990  4.999990  4.999990  4.999990  4.999990  4.999990  4.999990  4.999990  4.999990  4.999990  4.999990  4.999990  4.999990  4.999990  4.999990  4.999990  4.999990  4.999990  4.999990  4.999990  
10
4.999990  4.999990  4.999990  4.999990  4.999990  4.999990  4.999990  4.999990  4.999990  4.999990  4.999990  4.999990  4.999990  4.999990  4.999990  4.999990  4.999990  4.999990  4.999990  4.999990  4.999990  4.999990  4.999990  4.999990  4.999990  4.999990  4.999990  4.999990  4.999990  4.999990  4.999990  4.999990  4.999990  4.999990  4.999990  4.999990  4.999990  4.999990  4.999990  4.999990  4.999990  4.999990  4.999990  4.999990  4.999990  4.999990  4.999990  4.999990  4.999990  4.999990  4.999990  4.999990  4.999990  4.999990  4.999990  4.999990  4.999990  4.999990  4.999990  4.999990  4.999990  4.999990  4.999990  4.999990  4.999990  4.999990  4.999990  4.999990  4.999990  4.999990  4.999990  4.999990  4.999990  4.999990  4.999990  4.999990  4.999990  4.999990  4.999990  4.999990  4.999990  
11
4.999990  4.999990  4.999990  4.999990  4.999990  4.999990  4.999990  4.999990  4.999990  4.999990  4.999990  4.999990  4.999990  4.999990  4.999990  4.999990  4.999990  4.999990  4.999990  4.999990  4.999990  4.999990  4.999990  4.999990  4.999990  4.999990  4.999990  4.999990  4.999990  4.999990  4.999990  4.999990  4.999990  4.999990  4.999990  4.999990  4.999990  4.999990  4.999990  4.999990  4.999990  4.999990  4.999990  4.999990  4.999990  4.999990  4.999990  4.999990  4.999990  4.999990  4.999990  4.999990  4.999990  4.999990  4.999990  4.999990  4.999990  4.999990  4.999990  4.999990  4.999990  4.999990  4.999990  4.999990  4.999990  4.999990  4.999990  4.999990  4.999990  4.999990  4.999990  4.999990  4.999990  4.999990  4.999990  4.999990  4.999990  4.999990  4.999990  4.999990  4.999990  
12
4.999990  4.999990  4.999990  4.999990  4.999990  4.999990  4.999990  4.999990  4.999990  4.999990  4.999990  4.999990  4.999990  4.999990  4.999990  4.999990  4.999990  4.999990  4.999990  4.999990  4.999990  4.999990  4.999990  4.999990  4.999990  4.999990  4.999990  4.999990  4.999990  4.999990  4.999990  4.999990  4.999990  4.999990  4.999990  4.999990  4.999990  4.999990  4.999990  4.999990  4.999990  4.999990  4.999990  4.999990  4.999990  4.999990  4.999990  4.999990  4.999990  4.999990  4.999990  4.999990  4.999990  4.999990  4.999990  4.999990  4.999990  4.999990  4.999990  4.999990  4.999990  4.999990  4.999990  4.999990  4.999990  4.999990  4.999990  4.999990  4.999990  4.999990  4.999990  4.999990  4.999990  4.999990  4.999990  4.999990  4.999990  4.999990  4.999990  4.999990  4.999990  
13
4.999990  4.999990  4.999990  4.999990  4.999990  4.999990  4.999990  4.999990  4.999990  4.999990  4.999990  4.999990  4.999990  4.999990  4.999990  4.999990  4.999990  4.999990  4.999990  4.999990  4.999990  4.999990  4.999990  4.999990  4.999990  4.999990  4.999990  4.999990  4.999990  4.999990  4.999990  4.999990  4.999990  4.999990  4.999990  4.999990  4.999990  4.999990  4.999990  4.999990  4.999990  4.999990  4.999990  4.999990  4.999990  4.999990  4.999990  4.999990  4.999990  4.999990  4.999990  4.999990  4.999990  4.999990  4.999990  4.999990  4.999990  4.999990  4.999990  4.999990  4.999990  4.999990  4.999990  4.999990  4.999990  4.999990  4.999990  4.999990  4.999990  4.999990  4.999990  4.999990  4.999990  4.999990  4.999990  4.999990  4.999990  4.999990  4.999990  4.999990  4.999990  
14
4.999990  4.999990  4.999990  4.999990  4.999990  4.999990  4.999990  4.999990  4.999990  4.999990  4.999990  4.999990  4.999990  4.999990  4.999990  4.999990  4.999990  4.999990  4.999990  4.999990  4.999990  4.999990  4.999990  4.999990  4.999990  4.999990  4.999990  4.999990  4.999990  4.999990  4.999990  4.999990  4.999990  4.999990  4.999990  4.999990  4.999990  4.999990  4.999990  4.999990  4.999990  4.999990  4.999990  4.999990  4.999990  4.999990  4.999990  4.999990  4.999990  4.999990  4.999990  4.999990  4.999990  4.999990  4.999990  4.999990  4.999990  4.999990  4.999990  4.999990  4.999990  4.999990  4.999990  4.999990  4.999990  4.999990  4.999990  4.999990  4.999990  4.999990  4.999990  4.999990  4.999990  4.999990  4.999990  4.999990  4.999990  4.999990  4.999990  4.999990  4.999990  
15
4.999990  4.999990  4.999990  4.999990  4.999990  4.999990  4.999990  4.999990  4.999990  4.999990  4.999990  4.999990  4.999990  4.999990  4.999990  4.999990  4.999990  4.999990  4.999990  4.999990  4.999990  4.999990  4.999990  4.999990  4.999990  4.999990  4.999990  4.999990  4.999990  4.999990  4.999990  4.999990  4.999990  4.999990  4.999990  4.999990  4.999990  4.999990  4.999990  4.999990  4.999990  4.999990  4.999990  4.999990  4.999990  4.999990  4.999990  4.999990  4.999990  4.999990  4.999990  4.999990  4.999990  4.999990  4.999990  4.999990  4.999990  4.999990  4.999990  4.999990  4.999990  4.999990  4.999990  4.999990  4.999990  4.999990  4.999990  4.999990  4.999990  4.999990  4.999990  4.999990  4.999990  4.999990  4.999990  4.999990  4.999990  4.999990  4.999990  4.999990  4.999990  
16
4.999990  4.999990  4.999990  4.999990  4.999990  4.999990  4.999990  4.999990  4.999990  4.999990  4.999990  4.999990  4.999990  4.999990  4.999990  4.999990  4.999990  4.999990  4.999990  4.999990  4.999990  4.999990  4.999990  4.999990  4.999990  4.999990  4.999990  4.999990  4.999990  4.999990  4.999990  4.999990  4.999990  4.999990  4.999990  4.999990  4.999990  4.999990  4.999990  4.999990  4.999990  4.999990  4.999990  4.999990  4.999990  4.999990  4.999990  4.999990  4.999990  4.999990  4.999990  4.999990  4.999990  4.999990  4.999990  4.999990  4.999990  4.999990  4.999990  4.999990  4.999990  4.999990  4.999990  4.999990  4.999990  4.999990  4.999990  4.999990  4.999990  4.999990  4.999990  4.999990  4.999990  4.999990  4.999990  4.999990  4.999990  4.999990  4.999990  4.999990  4.999990  
17
8.401898  8.346695  8.324450  8.309853  8.328825  8.321028  8.304655  8.298343  8.289246  8.313300  8.351350  8.362893  8.373688  8.358441  8.332170  8.296313  8.248936  8.117916  7.872240  7.699241  7.563919  7.201202  6.748993  6.427349  5.786751  5.148893  5.016302  4.942294  4.775229  4.623078  4.579852  4.516984  4.421661  4.277966  4.181091  4.167334  4.120443  4.073736  4.048086  4.079060  4.046595  4.027060  4.037680  4.009584  4.101645  4.155376  4.112089  4.097093  4.150305  4.194876  4.234769  4.223643  4.204850  4.212310  4.244324  4.295932  4.330393  4.336397  4.346100  4.406264  4.540440  4.655001  4.964152  5.314568  5.367974  5.387642  5.522642  5.754771  6.325068  6.950864  7.707908  8.180744  8.613047  9.012895  9.438367  4.999990  4.999990  4.999990  4.999990  4.999990  4.999990  
18
8.578776  8.461679  8.458682  8.463670  8.484627  8.495613  8.464269  8.456974  8.459752  8.476171  8.482245  8.506815  8.512165  8.500321  8.494450  8.461982  8.364466  8.227657  7.940512  7.736379  7.542942  7.156832  6.677057  6.340040  5.613995  5.060485  4.974910  4.913753  4.748472  4.568856  4.515130  4.466306  4.385349  4.240387  4.140578  4.104535  4.042883  3.982156  3.964007  4.015523  3.983650  3.946629  3.953816  3.945116  3.997281  4.004416  3.987091  3.998699  4.081519  4.165523  4.200915  4.188797  4.171067  4.186978  4.221625  4.275177  4.302185  4.305288  4.318215  4.381911  4.461429  4.511880  4.859566  5.180175  5.277218  5.285484  5.405238  5.651292  6.172107  6.827531  7.678880  8.230618  8.648990  9.087145  9.540648  4.999990  4.999990  4.999990  4.999990  4.999990  4.999990  
19
8.746495  8.635634  8.624404  8.614862  8.638499  8.641499  8.617259  8.619711  8.616923  8.613173  8.627648  8.641690  8.626957  8.612378  8.596428  8.577131  8.482999  8.304935  8.024356  7.790160  7.541332  7.144024  6.667161  6.122012  5.496104  5.029926  4.946122  4.877845  4.699235  4.523371  4.463265  4.417936  4.349557  4.216725  4.106873  4.055665  3.981067  3.908801  3.884778  3.951501  3.934855  3.886451  3.906771  3.917353  3.964689  3.945678  3.926456  3.943935  4.039445  4.134937  4.168843  4.157872  4.144175  4.173310  4.205713  4.254828  4.268038  4.266289  4.283573  4.363165  4.433563  4.466619  4.713642  4.987860  5.176619  5.175537  5.320761  5.553578  6.079415  6.724710  7.615456  8.195686  8.688469  9.176630  9.515787  4.999990  4.999990  4.999990  4.999990  4.999990  4.999990  
20
8.821048  8.767443  8.753612  8.739727  8.753276  8.758938  8.745890  8.749712  8.743370  8.732189  8.745300  8.740943  8.727088  8.716063  8.704604  8.719675  8.601852  8.375996  8.071234  7.808075  7.544120  7.189296  6.686430  6.026651  5.320457  4.980409  4.902894  4.820714  4.647692  4.483560  4.428221  4.378991  4.316290  4.193160  4.076011  4.009615  3.941483  3.865027  3.833582  3.899953  3.894052  3.849060  3.879209  3.907444  3.944763  3.916950  3.896842  3.915370  4.012813  4.105268  4.136821  4.130377  4.130249  4.165294  4.193937  4.234492  4.251121  4.249212  4.265950  4.347007  4.411648  4.432664  4.573008  4.859758  5.070399  5.094555  5.227801  5.475474  6.010068  6.589468  7.527870  8.101218  8.700756  9.206134  9.505242  4.999990  4.999990  4.999990  4.999990  4.999990  4.999990  
21
8.878686  8.843558  8.829855  8.804029  8.825596  8.836645  8.832530  8.828204  8.831467  8.821872  8.826288  8.819933  8.809294  8.799931  8.796198  8.822726  8.720777  8.455785  8.138885  7.801603  7.529392  7.215566  6.895373  5.966044  5.229647  4.933129  4.863085  4.767510  4.596328  4.455467  4.400886  4.343466  4.274241  4.155212  4.035344  3.966140  3.904909  3.848547  3.816446  3.869680  3.871906  3.825572  3.854128  3.883059  3.902616  3.885646  3.864907  3.887492  3.992036  4.073561  4.107099  4.108772  4.119412  4.156786  4.176071  4.209929  4.228893  4.229521  4.249540  4.351653  4.412708  4.418063  4.506393  4.769506  4.971567  5.018372  5.153729  5.402926  5.966330  6.556382  7.450011  7.996049  8.673263  9.223162  9.554779  4.999990  4.999990  4.999990  4.999990  4.999990  4.999990  
22
8.939272  8.920167  8.907214  8.891334  8.911081  8.926230  8.928342  8.916849  8.913113  8.902921  8.900816  8.891524  8.876760  8.885509  8.877358  8.884662  8.794931  8.520087  8.264252  7.686875  7.495270  7.216398  6.913442  5.906617  5.197271  4.883759  4.823366  4.723959  4.542807  4.427524  4.370234  4.310459  4.219337  4.105804  3.985610  3.915333  3.874663  3.827862  3.793507  3.837137  3.845778  3.793533  3.815451  3.837900  3.847907  3.847153  3.838939  3.866419  3.980137  4.050007  4.084082  4.092526  4.112046  4.151631  4.164061  4.195567  4.212850  4.206234  4.235981  4.352445  4.405853  4.402155  4.444860  4.668980  4.849570  4.914499  5.067302  5.355339  5.915032  6.507253  7.370739  7.905522  8.579376  9.135355  9.568253  4.999990  4.999990  4.999990  4.999990  4.999990  4.999990  
23
9.010935  9.014767  8.999886  8.986418  8.996862  9.011639  9.003428  8.998197  8.993205  8.980932  8.979381  8.987761  8.984417  8.978663  8.965986  8.960602  8.892182  8.653700  8.410836  7.610442  7.472707  7.213319  6.935221  5.846966  5.086157  4.854178  4.783902  4.676666  4.493780  4.388578  4.334146  4.276436  4.172785  4.052376  3.938429  3.870019  3.841280  3.802663  3.771204  3.809671  3.818042  3.759547  3.774513  3.791757  3.804605  3.816494  3.812476  3.842485  3.957035  4.022398  4.061522  4.080754  4.109919  4.151116  4.161940  4.194991  4.213659  4.204544  4.228549  4.350334  4.405570  4.393560  4.425855  4.586594  4.753484  4.825173  5.002620  5.321555  5.897571  6.605458  7.289821  7.760770  8.451383  9.016799  9.564866  4.999990  4.999990  4.999990  4.999990  4.999990  4.999990  
24
9.090246  9.104912  9.094706  9.077146  9.086654  9.092772  9.075664  9.071093  9.064458  9.063240  9.065799  9.065393  9.063724  9.061200  9.050900  9.039188  8.983015  8.768782  8.260955  7.639558  7.444796  7.212322  6.906641  5.851293  5.032132  4.840944  4.751925  4.638060  4.456841  4.354590  4.302034  4.241458  4.144410  4.013231  3.891507  3.826051  3.802778  3.774917  3.743223  3.781950  3.787299  3.726589  3.731634  3.747087  3.763680  3.788325  3.786921  3.820052  3.915835  3.983137  4.034872  4.062153  4.100445  4.140915  4.156046  4.204520  4.228132  4.213589  4.229677  4.341094  4.401479  4.391294  4.420321  4.562980  4.695861  4.775566  4.981137  5.307462  5.893040  6.735516  7.195680  7.645001  8.310768  8.952239  9.564180  4.999990  4.999990  4.999990  4.999990  4.999990  4.999990  
25
9.166693  9.178510  9.166958  9.144296  9.158974  9.161988  9.134693  9.126227  9.123572  9.135453  9.141726  9.145617  9.145131  9.136895  9.122898  9.101395  9.033143  8.835274  8.262966  7.659392  7.432699  7.188711  6.831683  5.860812  5.006927  4.819382  4.723812  4.606378  4.434171  4.323065  4.267164  4.208478  4.121221  3.986225  3.854651  3.784012  3.758311  3.735806  3.706670  3.741015  3.751363  3.699126  3.698719  3.710636  3.735676  3.767827  3.771237  3.808322  3.878878  3.939917  3.999113  4.030607  4.081858  4.126553  4.148684  4.209218  4.235548  4.216276  4.220871  4.326122  4.392089  4.387896  4.409438  4.543529  4.675020  4.750241  4.964716  5.282026  5.649064  6.813945  7.148373  7.557462  8.142600  8.805029  9.530891  4.999990  4.999990  4.999990  4.999990  4.999990  4.999990  
26
9.269972  9.262591  9.237728  9.206902  9.220434  9.217509  9.195432  9.197159  9.208337  9.219763  9.215510  9.223263  9.220613  9.210829  9.188481  9.156971  9.061198  8.798297  8.309079  7.708591  7.432359  7.163310  6.768205  5.806976  4.993222  4.797282  4.694794  4.584801  4.418186  4.302764  4.228239  4.159690  4.091348  3.956096  3.821584  3.751713  3.730370  3.715626  3.683858  3.710569  3.731307  3.689156  3.687867  3.699586  3.725380  3.758112  3.764484  3.801444  3.854849  3.910256  3.966195  3.993690  4.054622  4.108558  4.139400  4.214925  4.244457  4.221622  4.220515  4.315292  4.392104  4.386107  4.404039  4.526992  4.662247  4.748528  4.955855  5.262859  5.668416  6.717324  7.096492  7.502232  8.001472  8.674661  9.455336  4.999990  4.999990  4.999990  4.999990  4.999990  4.999990  
27
9.362803  9.339903  9.295244  9.249619  9.247737  9.252127  9.242031  9.255056  9.271298  9.274348  9.261627  9.263065  9.261375  9.251386  9.229725  9.193888  9.083365  8.762914  8.199586  7.684319  7.423398  7.118893  6.715016  5.817461  4.996140  4.768175  4.660953  4.570898  4.412349  4.296484  4.206260  4.114775  4.058280  3.937650  3.794451  3.736827  3.727532  3.714387  3.682339  3.698303  3.715895  3.694421  3.691053  3.710529  3.728747  3.756758  3.769436  3.803183  3.851159  3.903757  3.943567  3.969920  4.024861  4.086135  4.134134  4.223780  4.257002  4.232160  4.227757  4.321990  4.388060  4.382564  4.404038  4.522905  4.660876  4.758322  4.954891  5.247410  5.816655  6.496100  7.041636  7.467978  7.959682  8.520764  9.274652  4.999990  4.999990  4.999990  4.999990  4.999990  4.999990  
28
9.463349  9.402906  9.336594  9.273540  9.261641  9.273348  9.273267  9.288385  9.300189  9.294557  9.281193  9.275963  9.276529  9.270167  9.256490  9.236100  9.155617  8.815924  8.245458  7.579015  7.396484  7.089825  6.672071  5.963120  5.099952  4.761228  4.646098  4.556550  4.418354  4.296400  4.187479  4.083802  4.028224  3.925090  3.798249  3.742462  3.742315  3.726830  3.693205  3.700146  3.716322  3.695671  3.695614  3.721243  3.737036  3.756984  3.771997  3.810796  3.860354  3.912143  3.943807  3.961029  4.019664  4.081913  4.140559  4.229824  4.261267  4.250599  4.235608  4.320976  4.385597  4.378724  4.403036  4.538178  4.697449  4.778120  4.940313  5.226375  5.782148  6.377671  6.954464  7.478445  7.952021  8.577988  9.164768  4.999990  4.999990  4.999990  4.999990  4.999990  4.999990  
29
9.520729  9.443286  9.362667  9.296442  9.280053  9.302547  9.306842  9.319464  9.326905  9.312676  9.299171  9.292376  9.293108  9.288604  9.281651  9.285000  9.240509  8.876643  8.469690  7.525427  7.390757  7.071074  6.556774  5.992933  5.163115  4.755182  4.632567  4.550078  4.420065  4.299183  4.163403  4.051237  3.996598  3.912870  3.802577  3.748634  3.763684  3.743857  3.709908  3.712018  3.726992  3.710273  3.712493  3.732778  3.744885  3.756869  3.778348  3.819058  3.867614  3.922370  3.952621  3.974480  4.039848  4.097772  4.160056  4.250593  4.267809  4.251118  4.232096  4.314631  4.379818  4.376925  4.416026  4.568746  4.749876  4.806830  4.940638  5.203865  5.707738  6.374759  6.857468  7.580877  8.008315  8.555056  9.137178  4.999990  4.999990  4.999990  4.999990  4.999990  4.999990  
30
9.549556  9.480251  9.392550  9.331235  9.325705  9.349532  9.348670  9.358278  9.359509  9.346817  9.335883  9.334431  9.333607  9.329383  9.323435  9.329206  9.308639  9.040469  8.731052  7.470095  7.356166  7.024686  6.541724  5.922740  5.190040  4.746559  4.623513  4.550020  4.425241  4.295803  4.154532  4.026887  3.975159  3.906579  3.809098  3.761763  3.783755  3.769790  3.734377  3.744667  3.753837  3.739395  3.740372  3.755629  3.761902  3.766481  3.793797  3.830001  3.873412  3.928018  3.959097  4.004694  4.075163  4.122405  4.183971  4.262347  4.279846  4.254196  4.241858  4.323893  4.388692  4.390787  4.444737  4.612407  4.773177  4.831786  4.953542  5.218680  5.704751  6.326692  6.788941  7.659625  8.021595  8.561667  9.130843  4.999990  4.999990  4.999990  4.999990  4.999990  4.999990  
31
9.585941  9.519009  9.438405  9.397862  9.397376  9.416078  9.417759  9.418077  9.415344  9.400742  9.396365  9.399635  9.405969  9.399724  9.390166  9.389678  9.371582  9.219908  8.982947  7.434103  7.361681  7.004072  6.518327  5.878141  5.186975  4.741504  4.618199  4.557697  4.434724  4.299078  4.138145  4.009864  3.963623  3.904096  3.818180  3.780355  3.809505  3.792946  3.761004  3.769598  3.776663  3.766934  3.764592  3.778343  3.780549  3.776900  3.811054  3.851179  3.885314  3.934055  3.976683  4.035833  4.110840  4.143862  4.191064  4.252386  4.257648  4.246113  4.247782  4.345231  4.413553  4.416102  4.469705  4.619720  4.780918  4.837552  4.972336  5.242795  5.736070  6.297721  6.780015  7.594393  8.021056  8.550634  9.087421  4.999990  4.999990  4.999990  4.999990  4.999990  4.999990  
32
9.605689  9.551593  9.494694  9.464856  9.473768  9.491142  9.494112  9.489994  9.477494  9.461477  9.455881  9.464605  9.474428  9.468099  9.461491  9.453587  9.432001  9.359409  9.265092  8.500209  7.492222  7.040051  6.593021  5.895588  5.159986  4.702220  4.592496  4.543834  4.417420  4.274182  4.113283  3.994755  3.956959  3.908853  3.830204  3.802584  3.836149  3.813905  3.788871  3.801781  3.804368  3.806597  3.797159  3.814626  3.809271  3.800104  3.849380  3.893194  3.921292  3.972358  4.020536  4.086009  4.164183  4.182663  4.207068  4.253724  4.266791  4.251559  4.254424  4.370717  4.451324  4.445188  4.489012  4.623252  4.776604  4.850889  5.006003  5.279644  5.702101  6.278878  6.862399  7.473603  8.006563  8.542072  9.091146  4.999990  4.999990  4.999990  4.999990  4.999990  4.999990  
33
9.660976  9.575883  9.541269  9.516700  9.524291  9.537597  9.544163  9.542797  9.528601  9.516496  9.514071  9.521987  9.530281  9.516015  9.506626  9.494595  9.464577  9.400261  9.338062  8.761398  7.502311  6.967859  6.598558  5.991360  5.100053  4.659188  4.562278  4.517155  4.391397  4.230684  4.094319  3.987935  3.954835  3.911462  3.845542  3.826196  3.855202  3.833220  3.810678  3.827596  3.840811  3.857640  3.846007  3.857187  3.837916  3.819554  3.876736  3.929579  3.963721  4.016017  4.065453  4.128223  4.195454  4.204814  4.224449  4.261575  4.292889  4.274620  4.278469  4.412540  4.495525  4.481030  4.516210  4.629821  4.766726  4.858645  5.040179  5.288076  5.661946  6.198379  6.859625  7.347149  7.977362  8.463175  9.096854  4.999990  4.999990  4.999990  4.999990  4.999990  4.999990  
34
9.682825  9.596941  9.572726  9.552895  9.556088  9.568057  9.578468  9.577748  9.567383  9.556850  9.554183  9.562762  9.564548  9.549937  9.541960  9.523703  9.487768  9.417050  9.408623  9.626766  7.512029  6.815912  6.557355  6.205044  5.130825  4.635181  4.544389  4.497303  4.362763  4.209063  4.080574  3.986074  3.951859  3.917752  3.859628  3.853416  3.879989  3.852859  3.835292  3.853750  3.880246  3.909052  3.898591  3.906458  3.871897  3.853264  3.924832  3.988107  4.029947  4.081911  4.125298  4.180477  4.225437  4.231347  4.250118  4.301568  4.304291  4.295602  4.318112  4.459682  4.537172  4.516495  4.538652  4.630294  4.751859  4.876045  5.060497  5.286809  5.651106  6.219753  6.863163  7.308760  7.948537  8.424163  9.149703  4.999990  4.999990  4.999990  4.999990  4.999990  4.999990  
35
9.674900  9.625602  9.593079  9.571899  9.571415  9.581633  9.591087  9.591392  9.586337  9.576387  9.574011  9.585300  9.584970  9.569692  9.557327  9.538617  9.494411  9.459514  9.503516  9.669085  6.701616  6.743061  6.559045  6.227152  5.219838  4.636653  4.541221  4.476993  4.328748  4.191679  4.066499  3.979889  3.948998  3.920357  3.884938  3.886997  3.915960  3.882561  3.868204  3.894897  3.933969  3.981510  3.960921  3.970076  3.929475  3.906872  3.992734  4.055501  4.100097  4.147011  4.186289  4.228147  4.259156  4.260988  4.286833  4.329447  4.334661  4.329115  4.368619  4.493193  4.557881  4.541766  4.554935  4.638765  4.767946  4.898688  5.093576  5.276070  5.603652  6.231256  6.861035  7.308217  7.974240  8.424876  9.200471  4.999990  4.999990  4.999990  4.999990  4.999990  4.999990  
36
9.699533  9.663764  9.605007  9.575898  9.572743  9.579575  9.590298  9.592065  9.588782  9.579933  9.579461  9.588518  9.588336  9.572113  9.555014  9.536766  9.488645  9.485331  9.606358  9.808122  6.694997  6.731626  6.569322  6.206662  5.105950  4.659475  4.547276  4.462520  4.303780  4.172670  4.066741  3.985440  3.955651  3.928398  3.913536  3.928510  3.965508  3.921378  3.915515  3.954412  4.008453  4.060846  4.047087  4.058654  4.005681  3.998522  4.086127  4.130332  4.164911  4.213193  4.247416  4.284826  4.300793  4.296344  4.331683  4.382477  4.388542  4.381410  4.410834  4.522513  4.558952  4.541148  4.563640  4.654023  4.777711  4.914174  5.086394  5.248377  5.642013  6.288025  6.965113  7.349058  8.015836  8.538807  9.258901  4.999990  4.999990  4.999990  4.999990  4.999990  4.999990  
37
9.732374  9.679270  9.600787  9.566484  9.562306  9.566973  9.581038  9.584198  9.582891  9.575350  9.573367  9.577574  9.575742  9.562312  9.538951  9.516656  9.469169  9.495484  9.641069  9.785208  6.677415  6.705683  6.617125  5.887778  4.781665  4.678515  4.556750  4.440775  4.275784  4.170463  4.076422  4.003062  3.969990  3.951905  3.954465  3.977553  4.014446  3.983705  3.979509  4.025721  4.078456  4.130915  4.133640  4.135708  4.113500  4.122724  4.180923  4.210944  4.261037  4.295060  4.342827  4.365917  4.367990  4.359887  4.398360  4.439556  4.438906  4.432178  4.449523  4.537229  4.552512  4.539182  4.572215  4.671122  4.794762  4.921352  5.053353  5.226826  5.669411  6.306078  6.961934  7.377189  8.064898  8.575633  9.257121  4.999990  4.999990  4.999990  4.999990  4.999990  4.999990  
38
9.725037  9.662752  9.586812  9.554749  9.548952  9.555103  9.572977  9.579256  9.578424  9.570816  9.563725  9.563248  9.558325  9.549777  9.527473  9.505755  9.457350  9.480115  9.555486  9.603078  6.675886  6.675886  6.659236  4.875099  4.764486  4.680304  4.544292  4.403490  4.251474  4.163116  4.084792  4.026054  3.995672  3.987242  4.006317  4.032963  4.065841  4.039556  4.046613  4.082603  4.144528  4.211603  4.218815  4.218172  4.190749  4.203929  4.270042  4.311409  4.365013  4.410773  4.430913  4.433641  4.419554  4.409219  4.451488  4.493731  4.483748  4.466906  4.465375  4.528604  4.543810  4.548477  4.607786  4.710539  4.802716  4.908081  5.039145  5.218562  5.728191  6.327702  6.995917  7.449251  8.143395  8.648647  9.259271  4.999990  4.999990  4.999990  4.999990  4.999990  4.999990  
39
9.706762  9.616861  9.566110  9.541957  9.536118  9.546014  9.570475  9.580012  9.577473  9.565061  9.554514  9.547795  9.546093  9.543471  9.525608  9.508272  9.467814  9.432695  9.404562  9.061810  9.061810  6.652419  6.652419  4.804315  4.732032  4.671767  4.542642  4.373931  4.246524  4.175551  4.103104  4.059994  4.022367  4.015390  4.057251  4.078091  4.103827  4.091774  4.099670  4.143281  4.211895  4.287028  4.290938  4.291358  4.267169  4.288828  4.357207  4.390741  4.440612  4.491372  4.501374  4.481905  4.471716  4.465617  4.515839  4.540266  4.537828  4.528512  4.519356  4.568608  4.545316  4.580780  4.670946  4.754508  4.821359  4.896439  5.029721  5.296339  5.858089  6.406842  6.968911  7.430682  8.140803  8.596426  9.260179  4.999990  4.999990  4.999990  4.999990  4.999990  4.999990  
40
9.708567  9.586690  9.555443  9.536256  9.532662  9.549953  9.579030  9.589574  9.581418  9.563239  9.548530  9.542500  9.544696  9.551280  9.540997  9.526794  9.491446  9.427701  9.312104  9.178099  7.474178  7.447863  6.688313  6.403474  4.766740  4.724486  4.611422  4.394268  4.287215  4.216161  4.156844  4.126351  4.097324  4.099253  4.129510  4.150429  4.167472  4.162915  4.155612  4.262650  4.379238  4.382748  4.334737  4.382743  4.373404  4.420075  4.487378  4.540623  4.575828  4.642017  4.641681  4.556701  4.576658  4.615291  4.666255  4.678440  4.662583  4.663328  4.722689  4.799174  4.760050  4.752932  4.799250  4.831268  4.902683  4.936860  5.142295  5.517627  5.973587  6.465807  6.928545  7.385397  8.160566  8.631502  9.274611  4.999990  4.999990  4.999990  4.999990  4.999990  4.999990  
41
9.693142  9.587840  9.556376  9.536963  9.535561  9.553718  9.581194  9.593923  9.584894  9.564324  9.547378  9.541224  9.550881  9.563403  9.551062  9.539362  9.506832  9.454074  9.335110  8.886425  7.465680  7.305605  6.680945  6.399696  5.953908  5.085882  4.823824  4.637986  4.601490  4.470759  4.204666  4.305320  4.347559  4.429762  4.641497  4.760971  4.629061  4.716756  4.828982  4.927321  4.761190  4.733840  4.595361  4.536056  4.702611  4.894886  4.970593  4.973773  5.114167  5.199104  5.141938  5.703596  5.542067  5.169997  4.888822  4.769000  4.774168  5.020335  5.137197  5.314868  5.315496  5.361710  5.347525  5.297385  5.296914  5.330295  5.547986  5.892853  6.209008  6.484396  6.923659  7.415465  8.162380  8.659768  9.266183  4.999990  4.999990  4.999990  4.999990  4.999990  4.999990  
42
9.637373  9.584956  9.566102  9.537780  9.535940  9.547586  9.566588  9.583938  9.583040  9.563262  9.545604  9.539140  9.553059  9.568836  9.554011  9.542516  9.514755  9.468162  9.352074  8.873178  7.638504  7.256910  6.754280  6.398596  6.071246  5.702147  5.515051  5.320200  5.165335  5.188910  5.199327  5.151698  5.046525  5.136386  5.273564  5.319081  5.370185  5.390744  5.436334  5.449654  5.464549  5.470133  5.645813  5.663691  5.652384  5.699970  5.731240  5.688618  5.728889  5.762015  5.765093  5.746043  5.709644  5.670454  5.713124  5.667314  5.592740  5.553983  5.562011  5.657106  5.651803  5.628796  5.608150  5.606547  5.660377  5.803084  5.979424  6.184258  6.323680  6.491644  6.920337  7.433895  8.185142  8.700564  9.300470  4.999990  4.999990  4.999990  4.999990  4.999990  4.999990  
43
9.590399  9.591930  9.569358  9.532681  9.528834  9.531114  9.545049  9.562925  9.573270  9.558271  9.539950  9.532605  9.543951  9.561589  9.548240  9.541465  9.523566  9.482631  9.360232  9.079044  7.815228  7.256246  6.718466  6.362254  6.076586  5.834632  5.689016  5.627655  5.493704  5.374490  5.336685  5.270108  5.233447  5.358087  5.479018  5.499189  5.520907  5.551960  5.579399  5.592585  5.616882  5.642511  5.682463  5.704012  5.710758  5.759070  5.777324  5.786793  5.833519  5.844035  5.796176  5.785471  5.759293  5.737609  5.727775  5.682065  5.643425  5.612414  5.655694  5.703188  5.682931  5.663324  5.633874  5.676836  5.818534  5.979136  6.153467  6.295469  6.379073  6.536863  6.979265  7.511937  8.251592  8.733991  9.364191  4.999990  4.999990  4.999990  4.999990  4.999990  4.999990  
44
9.588962  9.591146  9.560668  9.520840  9.513144  9.515424  9.522485  9.544497  9.561666  9.550186  9.529865  9.522593  9.529097  9.547104  9.537939  9.537182  9.519819  9.478154  9.345037  9.182807  7.888055  7.186486  6.619097  6.315076  6.110700  5.900385  5.743349  5.680275  5.592289  5.483274  5.437513  5.389983  5.368407  5.467728  5.526143  5.534602  5.561925  5.598898  5.626667  5.640001  5.671687  5.697297  5.722222  5.742785  5.740474  5.779623  5.809354  5.836022  5.881710  5.879872  5.813212  5.806784  5.783855  5.783153  5.773204  5.720186  5.690785  5.663446  5.698462  5.721374  5.688928  5.668198  5.641688  5.722246  5.901308  6.056007  6.200863  6.338632  6.440358  6.591146  7.026968  7.575191  8.254442  8.759518  9.370574  4.999990  4.999990  4.999990  4.999990  4.999990  4.999990  
45
9.648299  9.609416  9.545822  9.500975  9.493950  9.495813  9.505251  9.527804  9.546950  9.539256  9.522470  9.511518  9.513141  9.524649  9.521165  9.526910  9.519440  9.465387  9.307644  9.111604  7.961594  7.191972  6.565515  6.327876  6.156069  5.926353  5.762007  5.717751  5.643276  5.542981  5.500628  5.465403  5.460289  5.543566  5.574329  5.578403  5.604596  5.636494  5.662738  5.677117  5.708730  5.742185  5.763044  5.768610  5.750323  5.781832  5.838400  5.880777  5.919047  5.906691  5.833310  5.822112  5.803550  5.824275  5.816617  5.760555  5.732462  5.698993  5.715765  5.734062  5.709744  5.705002  5.693254  5.787267  5.941824  6.068833  6.185890  6.339132  6.494397  6.627831  7.013273  7.500764  8.248900  8.775062  9.380895  4.999990  4.999990  4.999990  4.999990  4.999990  4.999990  
46
9.722807  9.633897  9.531553  9.486985  9.479160  9.482346  9.485030  9.506292  9.526135  9.525846  9.510138  9.499528  9.492480  9.498749  9.495055  9.506000  9.505110  9.445366  9.236370  9.036223  8.391786  7.298979  6.674984  6.350159  6.194499  5.936632  5.776210  5.751541  5.697651  5.606642  5.565836  5.544323  5.525992  5.608644  5.635042  5.627285  5.654186  5.688367  5.715635  5.728515  5.756648  5.795987  5.805184  5.806232  5.771674  5.808912  5.893637  5.932811  5.953291  5.939276  5.865108  5.852934  5.833033  5.861942  5.873519  5.806037  5.777603  5.744933  5.768347  5.798970  5.815622  5.815104  5.794495  5.845805  5.947736  6.047684  6.156391  6.347740  6.536379  6.673325  6.965126  7.421397  8.242824  8.856493  9.406751  4.999990  4.999990  4.999990  4.999990  4.999990  4.999990  
47
9.725981  9.636009  9.520587  9.475979  9.469430  9.473576  9.469549  9.485497  9.511561  9.513763  9.501799  9.486067  9.477170  9.480038  9.482327  9.495314  9.513455  9.439554  9.183662  8.981318  8.397481  7.254863  6.748398  6.384810  6.246928  5.981246  5.797105  5.781384  5.750621  5.665964  5.623611  5.602694  5.581677  5.663978  5.685677  5.670457  5.695256  5.729539  5.756907  5.771968  5.802110  5.843847  5.839015  5.839989  5.793982  5.843239  5.943116  5.976100  5.986866  5.976155  5.907864  5.894086  5.883249  5.905088  5.919259  5.861569  5.830667  5.809777  5.849868  5.901673  5.928374  5.916785  5.864906  5.886171  5.942231  6.022624  6.149674  6.351488  6.552329  6.672020  6.917649  7.389634  8.269375  8.889757  9.454176  4.999990  4.999990  4.999990  4.999990  4.999990  4.999990  
48
9.718581  9.627593  9.501525  9.465050  9.463976  9.472094  9.460924  9.466311  9.492277  9.501180  9.493422  9.477373  9.463432  9.464795  9.470380  9.492161  9.518497  9.435519  9.187021  8.972391  8.343117  7.186762  6.742156  6.425497  6.299871  6.030813  5.820913  5.808250  5.792856  5.719971  5.664799  5.645803  5.624787  5.705009  5.745724  5.716874  5.739231  5.765611  5.792957  5.811122  5.853349  5.898543  5.883899  5.885027  5.846399  5.897821  6.003661  6.028038  6.035804  6.027080  5.980234  5.975479  5.964841  5.969403  5.981185  5.936284  5.913533  5.909547  5.937482  5.958531  5.969632  5.949410  5.919888  5.934990  5.957397  6.033775  6.179807  6.362263  6.553673  6.658349  6.923995  7.454827  8.316263  8.968921  9.467460  4.999990  4.999990  4.999990  4.999990  4.999990  4.999990  
49
9.711310  9.607334  9.492445  9.455902  9.455909  9.470554  9.458689  9.456401  9.483631  9.491445  9.486238  9.471995  9.461416  9.462360  9.466035  9.483175  9.509214  9.433745  9.240026  9.018972  8.159782  7.203519  6.775403  6.450617  6.334554  6.107761  5.892224  5.845882  5.824550  5.760504  5.703624  5.679157  5.655512  5.750584  5.814325  5.774926  5.797862  5.813495  5.844037  5.861126  5.912395  5.969670  5.953948  5.957706  5.936870  5.987092  6.076313  6.094119  6.104132  6.109061  6.074639  6.079113  6.054812  6.051863  6.057669  6.019577  6.000237  5.993836  6.000623  5.996342  5.992259  5.980017  5.972157  5.989781  6.001045  6.066229  6.235940  6.419476  6.563463  6.658434  6.977262  7.548748  8.387936  9.030564  9.455773  4.999990  4.999990  4.999990  4.999990  4.999990  4.999990  
50
9.710853  9.612326  9.495214  9.447192  9.454226  9.478058  9.463944  9.456915  9.476205  9.486041  9.481420  9.469264  9.458763  9.460005  9.459891  9.465732  9.478232  9.444655  9.317545  9.131309  8.036885  7.264121  6.830144  6.467822  6.368782  6.192358  5.979651  5.890145  5.862381  5.809062  5.749054  5.724650  5.695958  5.794968  5.880724  5.840995  5.862630  5.868165  5.898814  5.918648  5.971940  6.040583  6.027184  6.035520  6.031505  6.085466  6.158566  6.169453  6.183156  6.188515  6.163258  6.161972  6.147549  6.140436  6.127948  6.098294  6.083407  6.066149  6.049186  6.032472  6.027489  6.026586  6.033429  6.056903  6.070667  6.137744  6.298542  6.461998  6.576990  6.669243  7.013380  7.636830  8.441113  9.073471  9.430911  4.999990  4.999990  4.999990  4.999990  4.999990  4.999990  
51
9.728912  9.577957  9.473329  9.445333  9.458256  9.485534  9.475717  9.462778  9.473397  9.483470  9.480963  9.473127  9.468388  9.468415  9.465612  9.456657  9.467075  9.456598  9.377260  9.187520  8.048515  7.314547  6.871268  6.479065  6.392018  6.243977  6.036752  5.933064  5.904825  5.854579  5.785310  5.760946  5.732676  5.833508  5.930819  5.896036  5.910398  5.913364  5.943631  5.967684  6.030888  6.107828  6.093112  6.092312  6.112150  6.177768  6.238190  6.245467  6.265966  6.279560  6.247468  6.237949  6.225080  6.206050  6.181383  6.152767  6.135906  6.112666  6.086125  6.063560  6.062163  6.073833  6.085770  6.105678  6.114897  6.184393  6.337901  6.504168  6.600753  6.691864  7.064785  7.736405  8.498417  9.153465  9.442789  4.999990  4.999990  4.999990  4.999990  4.999990  4.999990  
52
9.700162  9.560822  9.458776  9.450505  9.472725  9.504612  9.495971  9.479712  9.485503  9.499387  9.497877  9.491166  9.482536  9.485281  9.486455  9.477147  9.478775  9.469400  9.401402  9.225738  8.398694  7.247738  6.888612  6.498774  6.419526  6.276440  6.075984  5.969595  5.941062  5.882934  5.812351  5.790932  5.761467  5.870249  5.966526  5.941253  5.951908  5.959962  5.994330  6.023443  6.087517  6.164114  6.155507  6.133701  6.201149  6.265419  6.314085  6.314080  6.341929  6.365537  6.324940  6.312799  6.296382  6.265371  6.240530  6.209957  6.196892  6.166696  6.120467  6.092403  6.096364  6.113656  6.126640  6.143982  6.151590  6.216017  6.367296  6.523459  6.631310  6.739818  7.155860  7.842595  8.552114  9.238841  9.494213  4.999990  4.999990  4.999990  4.999990  4.999990  4.999990  
53
9.700162  9.462699  9.463229  9.474116  9.509126  9.540960  9.532452  9.511048  9.516286  9.538287  9.538820  9.530883  9.525465  9.528032  9.528268  9.518528  9.514698  9.486709  9.407834  9.249227  8.870452  7.165830  6.857574  6.534162  6.457049  6.307705  6.105066  5.995484  5.968259  5.909924  5.844635  5.822205  5.797198  5.905512  6.010903  5.993384  6.000234  6.012607  6.051974  6.084873  6.149447  6.222124  6.223059  6.261971  6.296146  6.328824  6.380809  6.376745  6.417705  6.442990  6.394634  6.386316  6.360055  6.328070  6.313717  6.273078  6.258071  6.225301  6.171744  6.134733  6.136943  6.146911  6.155864  6.173844  6.185528  6.241251  6.401272  6.567206  6.695450  6.801771  7.153161  7.892584  8.560769  9.240006  9.546507  4.999990  4.999990  4.999990  4.999990  4.999990  4.999990  
54
9.573853  9.534017  9.522233  9.528778  9.564383  9.602932  9.592447  9.565290  9.578897  9.597617  9.597574  9.597914  9.584142  9.588680  9.589421  9.573994  9.573547  9.542913  9.444242  9.262712  8.782538  7.387739  6.848528  6.595529  6.512581  6.352944  6.124034  6.018697  5.992693  5.938615  5.880540  5.858661  5.832107  5.944039  6.062557  6.049963  6.054998  6.072282  6.113856  6.153560  6.221686  6.290776  6.285255  6.315996  6.345770  6.399513  6.447186  6.444132  6.485538  6.516646  6.462258  6.459057  6.416716  6.379872  6.359273  6.317203  6.306364  6.276909  6.223241  6.193107  6.185686  6.188032  6.191377  6.206795  6.215329  6.267434  6.445149  6.633770  6.762235  6.859018  7.144199  7.874397  8.571752  9.266309  9.556431  4.999990  4.999990  4.999990  4.999990  4.999990  4.999990  
55
9.607868  9.602221  9.580081  9.583069  9.620902  9.654327  9.667855  9.648489  9.664140  9.679820  9.673259  9.661712  9.655549  9.662001  9.658603  9.648452  9.664432  9.644102  9.522845  9.305116  8.880205  7.445396  6.833875  6.641381  6.564269  6.394916  6.154111  6.045746  6.021130  5.969312  5.924012  5.903240  5.881668  5.987838  6.115348  6.106925  6.112189  6.136618  6.179411  6.219215  6.293387  6.364758  6.353846  6.389317  6.421144  6.477769  6.522225  6.508380  6.556032  6.585462  6.537530  6.525254  6.473991  6.423731  6.401006  6.360503  6.350882  6.318108  6.279379  6.253443  6.242211  6.230150  6.226402  6.235144  6.240895  6.286177  6.478398  6.705908  6.825706  6.905910  7.126199  7.837051  8.510431  9.255005  9.571812  4.999990  4.999990  4.999990  4.999990  4.999990  4.999990  
56
9.663509  9.640579  9.618542  9.619727  9.657296  9.691492  9.716552  9.710699  9.728330  9.735300  9.726295  9.709254  9.700819  9.709977  9.708140  9.706253  9.714375  9.708052  9.580602  9.344447  9.003434  7.502888  6.735498  6.647167  6.585989  6.432408  6.191674  6.078071  6.052470  6.004720  5.963696  5.944681  5.925296  6.043759  6.165477  6.157111  6.164077  6.193961  6.241927  6.288096  6.366544  6.434972  6.427212  6.473903  6.506542  6.560786  6.600425  6.590426  6.635417  6.648164  6.602696  6.585130  6.537946  6.477374  6.452165  6.406422  6.398838  6.365269  6.324628  6.306437  6.296455  6.271567  6.254667  6.255462  6.257223  6.321886  6.536891  6.759684  6.887841  6.953366  7.147716  7.875127  8.569423  9.275223  9.645638  4.999990  4.999990  4.999990  4.999990  4.999990  4.999990  
57
9.678364  9.675940  9.661085  9.653728  9.675440  9.702203  9.724844  9.733557  9.750915  9.756803  9.746671  9.731448  9.721971  9.729692  9.736696  9.734851  9.739744  9.725927  9.602659  9.367713  9.070598  7.457270  6.721763  6.651883  6.587875  6.446318  6.224328  6.115271  6.086084  6.038461  6.002840  5.985236  5.972705  6.084511  6.201340  6.197821  6.215438  6.257026  6.311710  6.367881  6.448092  6.505064  6.504131  6.547569  6.578015  6.628860  6.658432  6.657086  6.695071  6.694728  6.650039  6.629734  6.589661  6.530282  6.495669  6.460357  6.450802  6.412944  6.372465  6.355083  6.346291  6.308319  6.279036  6.275240  6.290709  6.423436  6.649692  6.821475  6.934683  7.007590  7.258979  7.926992  8.740963  9.332428  9.668783  4.999990  4.999990  4.999990  4.999990  4.999990  4.999990  
58
9.700157  9.704853  9.694820  9.674507  9.681085  9.700368  9.713031  9.731099  9.749046  9.753136  9.738641  9.720075  9.709049  9.725368  9.739079  9.739588  9.735301  9.716209  9.594274  9.327934  9.054287  7.634769  6.712667  6.651438  6.579830  6.443100  6.253478  6.151431  6.123118  6.075926  6.041434  6.026391  6.015123  6.117989  6.233064  6.233901  6.261989  6.319635  6.385867  6.446812  6.514242  6.567474  6.566614  6.602045  6.635003  6.686004  6.700658  6.698526  6.727359  6.716840  6.670182  6.649984  6.612828  6.568420  6.537509  6.503523  6.490838  6.452919  6.406573  6.385229  6.378203  6.329871  6.303537  6.304286  6.323942  6.470476  6.704710  6.881739  6.991392  7.088200  7.336824  7.985720  8.737029  9.361866  9.725880  4.999990  4.999990  4.999990  4.999990  4.999990  4.999990  
59
9.745154  9.725015  9.711543  9.687684  9.684422  9.696346  9.697543  9.715754  9.728616  9.728666  9.716334  9.695821  9.679150  9.699727  9.731622  9.740759  9.741939  9.710184  9.577461  9.314363  9.026988  7.747231  6.711653  6.654413  6.574400  6.448474  6.272671  6.171539  6.143587  6.099624  6.071178  6.059652  6.046367  6.145916  6.262820  6.263356  6.300597  6.370517  6.446651  6.504788  6.560103  6.606844  6.606409  6.630269  6.665284  6.713285  6.719711  6.714168  6.729630  6.714983  6.676757  6.660455  6.629039  6.597033  6.562548  6.523470  6.512949  6.478400  6.425647  6.400620  6.391395  6.344677  6.328978  6.334115  6.355958  6.479611  6.682119  6.907144  7.042699  7.136514  7.402812  8.059082  8.757063  9.404707  9.737388  4.999990  4.999990  4.999990  4.999990  4.999990  4.999990  
60
9.750301  9.733766  9.714952  9.684315  9.680427  9.691549  9.686585  9.702991  9.716639  9.717574  9.700794  9.679852  9.660304  9.685260  9.724483  9.743108  9.753542  9.725470  9.574504  9.309824  9.057734  7.652729  6.703209  6.655101  6.582468  6.462151  6.283051  6.181621  6.155951  6.115983  6.093850  6.083688  6.075001  6.168632  6.281240  6.285344  6.332612  6.403319  6.486056  6.536595  6.581258  6.626833  6.624555  6.637809  6.671587  6.718385  6.720576  6.708787  6.721043  6.706265  6.671125  6.651728  6.624016  6.598702  6.574470  6.526785  6.515981  6.487583  6.429359  6.405071  6.398767  6.355818  6.348759  6.359013  6.388077  6.479384  6.693153  6.938383  7.101725  7.170163  7.449934  8.118810  8.785689  9.452232  9.736819  4.999990  4.999990  4.999990  4.999990  4.999990  4.999990  
61
9.757316  9.735423  9.710723  9.678289  9.673950  9.686120  9.683245  9.693282  9.705685  9.710983  9.697232  9.679166  9.658789  9.679942  9.727656  9.754544  9.771855  9.737708  9.607083  9.357821  9.110405  7.085447  6.653245  6.649119  6.598773  6.490854  6.313752  6.199543  6.167737  6.129316  6.107954  6.102500  6.097354  6.192251  6.295056  6.301609  6.350602  6.428573  6.510163  6.546742  6.586335  6.630178  6.628325  6.635013  6.662156  6.701141  6.701966  6.698575  6.707573  6.684197  6.648012  6.622591  6.596604  6.568575  6.552564  6.516300  6.510249  6.493401  6.428368  6.401444  6.401431  6.368728  6.368678  6.376773  6.405356  6.479085  6.681183  6.942452  7.153880  7.208039  7.466312  8.178514  8.825734  9.463028  9.751620  4.999990  4.999990  4.999990  4.999990  4.999990  4.999990  
62
9.752172  9.726635  9.697959  9.665508  9.662730  9.674299  9.675776  9.687410  9.702676  9.710665  9.700566  9.684713  9.660284  9.680217  9.740987  9.784049  9.770525  9.716319  9.612538  9.397124  9.105309  7.250487  6.633045  6.656355  6.616045  6.523834  6.351494  6.225295  6.182438  6.140707  6.115166  6.110305  6.115064  6.205297  6.304727  6.321373  6.368657  6.447207  6.521710  6.554103  6.592621  6.635917  6.632505  6.628107  6.638124  6.668620  6.673022  6.670732  6.673236  6.647364  6.614022  6.591218  6.577716  6.545028  6.536700  6.515810  6.515712  6.505012  6.431100  6.395012  6.401394  6.380902  6.386000  6.389486  6.428383  6.503704  6.682109  6.947893  7.183146  7.234505  7.472090  8.248460  8.789686  9.423589  9.698653  4.999990  4.999990  4.999990  4.999990  4.999990  4.999990  
63
9.729546  9.707392  9.673260  9.643986  9.645974  9.664494  9.666677  9.681900  9.697582  9.704775  9.696664  9.675016  9.648378  9.659860  9.724761  9.786265  9.750099  9.700377  9.613760  9.432943  9.142650  7.921402  6.659985  6.686179  6.640390  6.557503  6.381811  6.249433  6.201725  6.156685  6.123883  6.119024  6.127560  6.211531  6.317092  6.347822  6.393088  6.471088  6.539648  6.569084  6.606465  6.643158  6.644779  6.635993  6.636241  6.655574  6.650129  6.643390  6.630263  6.606596  6.580855  6.559643  6.551537  6.531579  6.528860  6.515560  6.514564  6.505854  6.427990  6.385237  6.399087  6.390893  6.394638  6.397507  6.442546  6.537873  6.701868  6.958228  7.194982  7.247333  7.444427  8.238903  8.753757  9.397925  9.666942  4.999990  4.999990  4.999990  4.999990  4.999990  4.999990  
64
9.653154  9.674625  9.650220  9.625953  9.629523  9.655887  9.663663  9.683948  9.693933  9.697291  9.688299  9.659867  9.629862  9.626528  9.688091  9.752383  9.720383  9.676571  9.610682  9.476732  9.183230  8.175186  6.859729  6.723538  6.648828  6.559701  6.382926  6.249268  6.207153  6.169234  6.134440  6.130591  6.139710  6.227276  6.342192  6.386582  6.426585  6.491384  6.556512  6.581082  6.615952  6.641425  6.647161  6.638014  6.618898  6.620349  6.613956  6.607747  6.592631  6.583219  6.562010  6.543877  6.547542  6.543277  6.538109  6.513263  6.501718  6.486822  6.417452  6.385792  6.406096  6.405288  6.405595  6.405626  6.444792  6.541018  6.720865  6.979043  7.203204  7.250456  7.424486  8.228366  8.761836  9.364601  9.641890  4.999990  4.999990  4.999990  4.999990  4.999990  4.999990  
65
9.691984  9.671565  9.643090  9.617433  9.620017  9.649896  9.654974  9.676444  9.682520  9.685234  9.678522  9.647979  9.622045  9.615491  9.651010  9.700070  9.686993  9.658167  9.602712  9.487418  9.198536  8.342106  7.158067  6.762755  6.644867  6.554101  6.380999  6.248517  6.210660  6.177258  6.146162  6.141060  6.149256  6.240769  6.368242  6.421432  6.458106  6.515324  6.574419  6.587123  6.606838  6.622576  6.630564  6.622080  6.594520  6.576741  6.570568  6.574738  6.582244  6.581927  6.558905  6.539339  6.540049  6.537993  6.526760  6.495976  6.477360  6.460267  6.406112  6.380346  6.402820  6.407100  6.398370  6.396749  6.435986  6.518170  6.723245  6.993712  7.203234  7.251928  7.522263  8.158969  8.739259  9.405629  9.664621  4.999990  4.999990  4.999990  4.999990  4.999990  4.999990  
66
9.748111  9.692344  9.648964  9.620585  9.621571  9.659559  9.656248  9.664965  9.663764  9.664334  9.665016  9.643982  9.619948  9.617326  9.637501  9.661960  9.665133  9.649461  9.587845  9.501993  9.358758  8.045780  7.140124  6.768496  6.637055  6.540881  6.375408  6.239270  6.202569  6.175594  6.149179  6.151439  6.165896  6.272324  6.399546  6.439801  6.467396  6.526947  6.590639  6.599861  6.603703  6.603928  6.604737  6.597940  6.562826  6.534115  6.532463  6.553871  6.576819  6.581349  6.556275  6.536431  6.535395  6.528629  6.509379  6.473134  6.437768  6.425219  6.382851  6.364245  6.382111  6.384821  6.370755  6.376062  6.421479  6.487448  6.694732  6.994411  7.204315  7.256368  7.481276  8.145864  8.716943  9.386442  9.678721  4.999990  4.999990  4.999990  4.999990  4.999990  4.999990  
67
9.763954  9.710771  9.650586  9.618788  9.620254  9.655507  9.650682  9.646494  9.644041  9.641358  9.649438  9.639171  9.611426  9.610305  9.619894  9.627163  9.637581  9.620751  9.561277  9.464056  9.245597  8.079336  7.191053  6.737595  6.628669  6.542969  6.387530  6.241818  6.194559  6.167491  6.146418  6.154282  6.182845  6.296130  6.410958  6.437588  6.455660  6.516075  6.592356  6.607926  6.601666  6.590261  6.578615  6.575463  6.543235  6.517173  6.517142  6.537933  6.571224  6.580108  6.548442  6.538235  6.544121  6.553350  6.503006  6.446990  6.397501  6.393707  6.362841  6.342469  6.345191  6.342416  6.331556  6.342065  6.386549  6.446136  6.671972  6.984962  7.203170  7.265866  7.473007  8.102442  8.734086  9.357113  9.666718  4.999990  4.999990  4.999990  4.999990  4.999990  4.999990  
68
9.764748  9.717350  9.657152  9.620893  9.615960  9.653461  9.639641  9.622250  9.623775  9.622821  9.638881  9.631189  9.604052  9.603188  9.608856  9.615326  9.630527  9.617947  9.542355  9.443184  9.160294  8.372011  7.241685  6.717547  6.615135  6.535954  6.399960  6.256705  6.203234  6.169243  6.149179  6.161055  6.197951  6.310161  6.411175  6.425747  6.438354  6.505208  6.584161  6.605809  6.599534  6.584859  6.566020  6.562582  6.536080  6.513103  6.518408  6.527631  6.536315  6.550529  6.529395  6.524483  6.532120  6.516687  6.501542  6.441755  6.397433  6.387453  6.354830  6.316407  6.298549  6.278447  6.268405  6.289884  6.346133  6.401016  6.630615  6.956017  7.206696  7.298042  7.480542  8.102195  8.664742  9.310396  9.642504  4.999990  4.999990  4.999990  4.999990  4.999990  4.999990  
69
9.774762  9.724371  9.659819  9.617862  9.608037  9.638371  9.623834  9.599268  9.607719  9.610562  9.626219  9.622930  9.592438  9.593128  9.598114  9.597894  9.607722  9.595237  9.521563  9.424650  9.164108  8.373386  7.183977  6.680438  6.593085  6.537163  6.408476  6.261840  6.199562  6.161747  6.141538  6.156871  6.192403  6.292647  6.385301  6.403253  6.421169  6.500701  6.578055  6.606956  6.609633  6.590376  6.566113  6.556201  6.523514  6.494140  6.507537  6.510729  6.497299  6.515138  6.513835  6.510815  6.513017  6.488613  6.486273  6.453001  6.414034  6.391748  6.353759  6.307422  6.276354  6.242465  6.232893  6.257649  6.320827  6.373847  6.609365  6.948568  7.204104  7.305579  7.495404  8.064218  8.611732  9.263714  9.625744  4.999990  4.999990  4.999990  4.999990  4.999990  4.999990  
70
9.790792  9.738765  9.660803  9.612474  9.599199  9.614834  9.604954  9.579347  9.592657  9.603031  9.614080  9.614141  9.589986  9.593146  9.599170  9.592527  9.589025  9.565550  9.504636  9.419827  9.206937  8.333343  7.043649  6.640784  6.576003  6.519415  6.400560  6.257298  6.191479  6.154843  6.133309  6.145211  6.171679  6.259013  6.353487  6.388826  6.421690  6.512683  6.578242  6.591469  6.599122  6.582649  6.562896  6.549680  6.514026  6.474937  6.488373  6.494581  6.476760  6.499653  6.499073  6.492104  6.484594  6.431038  6.394111  6.428923  6.424618  6.395057  6.357394  6.309009  6.267626  6.232247  6.221820  6.253958  6.303451  6.354785  6.612177  6.924041  7.199085  7.311108  7.533769  8.057443  8.594261  9.269422  9.629631  4.999990  4.999990  4.999990  4.999990  4.999990  4.999990  
71
9.809943  9.740448  9.658639  9.607012  9.597435  9.606749  9.600012  9.571735  9.587090  9.600870  9.606752  9.608805  9.591901  9.596755  9.600428  9.592116  9.581344  9.547407  9.487927  9.414244  9.250216  8.163963  7.020756  6.641678  6.572128  6.502956  6.378861  6.239467  6.173129  6.142318  6.124375  6.134660  6.148803  6.227040  6.328869  6.380650  6.423050  6.513527  6.564203  6.575566  6.584289  6.574906  6.562591  6.549606  6.516584  6.472742  6.480100  6.484689  6.464083  6.479065  6.479414  6.475187  6.469059  6.422018  6.362663  6.405496  6.422991  6.389822  6.351626  6.305261  6.257685  6.222264  6.203574  6.269817  6.303344  6.343836  6.586308  6.904080  7.181827  7.300352  7.535273  8.029546  8.561843  9.275261  9.658697  4.999990  4.999990  4.999990  4.999990  4.999990  4.999990  
72
9.761870  9.711507  9.645288  9.597620  9.594475  9.603349  9.595029  9.568046  9.579462  9.593268  9.597198  9.600996  9.585658  9.587089  9.593044  9.592173  9.585942  9.548889  9.490727  9.381713  9.072907  8.000914  7.094725  6.670194  6.578314  6.491873  6.362449  6.225671  6.161337  6.133210  6.109025  6.113902  6.120846  6.196599  6.308379  6.365017  6.402891  6.478825  6.526038  6.551482  6.570497  6.570665  6.558749  6.547711  6.523447  6.476687  6.472254  6.474403  6.451421  6.463548  6.465914  6.460792  6.462929  6.426326  6.336899  6.365889  6.401283  6.370313  6.339569  6.300875  6.253587  6.216793  6.198742  6.261279  6.302312  6.339215  6.584497  6.884162  7.151446  7.282028  7.551184  8.016310  8.570658  9.266370  9.674229  4.999990  4.999990  4.999990  4.999990  4.999990  4.999990  
73
9.690186  9.662322  9.621425  9.584250  9.590633  9.601953  9.595442  9.569404  9.573411  9.583645  9.587553  9.589797  9.577059  9.576603  9.582500  9.589273  9.593335  9.558898  9.487649  9.308626  8.957220  8.011307  7.159250  6.714530  6.591578  6.481099  6.346431  6.214646  6.152236  6.126804  6.102881  6.103515  6.107483  6.176921  6.298450  6.353803  6.379747  6.433808  6.485839  6.526930  6.553061  6.564811  6.553863  6.543452  6.529142  6.481439  6.466707  6.463566  6.441540  6.446116  6.452014  6.444256  6.447548  6.420758  6.301231  6.335794  6.382927  6.357092  6.327901  6.293489  6.244375  6.203236  6.187213  6.233636  6.286210  6.330801  6.576887  6.875738  7.123366  7.292239  7.555000  8.034276  8.515685  9.261070  9.713365  4.999990  4.999990  4.999990  4.999990  4.999990  4.999990  
74
9.620156  9.602534  9.576530  9.557914  9.576648  9.590662  9.588496  9.562639  9.564888  9.571305  9.574514  9.579834  9.567720  9.563025  9.568320  9.576816  9.592330  9.561207  9.479992  9.242924  8.942813  8.032451  7.174648  6.769463  6.600335  6.466447  6.327334  6.199234  6.138491  6.121555  6.103694  6.101707  6.099892  6.161633  6.281456  6.337836  6.360159  6.412887  6.480491  6.513663  6.532192  6.551787  6.545736  6.534848  6.526454  6.481273  6.463848  6.453952  6.429197  6.431103  6.443639  6.436839  6.441003  6.420201  6.357858  6.362120  6.379822  6.348965  6.316058  6.286438  6.238049  6.194841  6.179359  6.219950  6.280118  6.322431  6.543156  6.851573  7.098043  7.276792  7.574775  7.972225  8.480296  9.253312  9.710800  4.999990  4.999990  4.999990  4.999990  4.999990  4.999990  
75
9.574465  9.558697  9.536303  9.530173  9.557144  9.571520  9.570330  9.551284  9.554089  9.560879  9.562721  9.568432  9.556683  9.553679  9.561188  9.570827  9.584657  9.552878  9.477799  9.269527  8.948123  8.071965  7.183032  6.793140  6.592086  6.452699  6.311937  6.182947  6.111186  6.097187  6.092932  6.093108  6.091102  6.144268  6.257798  6.316801  6.343578  6.403098  6.482723  6.502789  6.518318  6.543707  6.538625  6.522839  6.515777  6.480041  6.463596  6.447953  6.423101  6.421715  6.440695  6.436690  6.439177  6.419466  6.355557  6.342889  6.367435  6.343466  6.308434  6.280708  6.230550  6.184830  6.166823  6.211895  6.274827  6.312246  6.494381  6.794611  7.070271  7.291277  7.593517  7.977166  8.462175  9.211497  9.678199  4.999990  4.999990  4.999990  4.999990  4.999990  4.999990  
76
9.369932  9.407253  9.480583  9.509870  9.545356  9.555072  9.552533  9.536825  9.543684  9.552630  9.553498  9.555936  9.546725  9.543799  9.555632  9.564433  9.577373  9.547291  9.473964  9.317019  8.943302  8.012156  7.219295  6.820921  6.583442  6.426953  6.305168  6.177247  6.089160  6.077712  6.087553  6.092259  6.090831  6.136215  6.240377  6.301545  6.336102  6.398692  6.477161  6.492072  6.498648  6.527702  6.534906  6.517014  6.511803  6.482490  6.460092  6.446804  6.422109  6.416066  6.436247  6.439487  6.439652  6.424243  6.394787  6.342865  6.370179  6.334352  6.298150  6.270988  6.219551  6.174999  6.156443  6.207060  6.270497  6.300141  6.456575  6.766727  7.039214  7.273814  7.603234  7.952496  8.471631  9.188443  9.669397  4.999990  4.999990  4.999990  4.999990  4.999990  4.999990  
77
9.493176  9.452586  9.460155  9.488811  9.535382  9.544003  9.537947  9.523594  9.537932  9.548622  9.543249  9.543631  9.535270  9.535769  9.551167  9.556964  9.568164  9.540736  9.466825  9.345407  8.913514  8.073584  7.346120  6.858398  6.556722  6.405988  6.307113  6.192873  6.102129  6.081996  6.086960  6.089907  6.085033  6.120049  6.213280  6.282210  6.311929  6.364502  6.444006  6.466232  6.476520  6.525092  6.539907  6.520808  6.514479  6.486794  6.461900  6.447108  6.422440  6.412020  6.433317  6.440678  6.443226  6.438030  6.460550  6.413706  6.392758  6.325800  6.285615  6.258592  6.204807  6.163006  6.148924  6.211196  6.271864  6.292157  6.416900  6.728921  7.020006  7.247948  7.576767  7.951023  8.482395  9.257522  9.662662  4.999990  4.999990  4.999990  4.999990  4.999990  4.999990  
78
9.522710  9.491755  9.489552  9.501227  9.528164  9.532565  9.523261  9.512016  9.531266  9.543825  9.532084  9.527912  9.520214  9.524377  9.541738  9.542640  9.552337  9.529207  9.459679  9.334523  8.975547  8.210930  7.271574  6.866241  6.539775  6.392497  6.314185  6.220828  6.130615  6.090728  6.081748  6.079070  6.072346  6.103467  6.166651  6.273550  6.296842  6.343570  6.425735  6.463697  6.481323  6.537138  6.546643  6.518078  6.510815  6.480618  6.449233  6.435675  6.413632  6.402339  6.423708  6.435279  6.438340  6.439027  6.483525  6.472759  6.386758  6.307884  6.265608  6.241516  6.185786  6.142344  6.144464  6.220682  6.281824  6.293759  6.404013  6.697987  7.000017  7.236973  7.569304  7.989086  8.541733  9.237861  9.653623  4.999990  4.999990  4.999990  4.999990  4.999990  4.999990  
79
9.590576  9.542200  9.527682  9.515478  9.523192  9.523302  9.514149  9.503585  9.530070  9.539522  9.520964  9.515808  9.510161  9.515942  9.532524  9.534150  9.544341  9.523711  9.457220  9.317466  8.955687  8.338881  7.310071  6.850424  6.535964  6.384521  6.316529  6.252007  6.172033  6.115137  6.083338  6.073943  6.067554  6.094239  6.170533  6.250942  6.284943  6.334328  6.393380  6.430145  6.444240  6.518606  6.537656  6.509588  6.500418  6.464060  6.434570  6.415626  6.397613  6.389388  6.410580  6.426859  6.427969  6.438586  6.484021  6.429999  6.322557  6.272124  6.243285  6.224592  6.178966  6.130877  6.136150  6.216334  6.283608  6.297204  6.392163  6.687932  6.977194  7.247721  7.580531  7.962492  8.540459  9.151961  9.632161  4.999990  4.999990  4.999990  4.999990  4.999990  4.999990  
80
9.624755  9.554318  9.531180  9.514442  9.511247  9.510878  9.504290  9.492547  9.516281  9.522852  9.503909  9.499519  9.490479  9.496128  9.516943  9.526175  9.537993  9.517962  9.457785  9.316427  8.905776  8.261407  7.285451  6.861856  6.556599  6.379097  6.304782  6.251859  6.172338  6.103395  6.074419  6.066710  6.063433  6.090593  6.185923  6.249401  6.292468  6.344581  6.345153  6.373697  6.400445  6.485933  6.511923  6.495427  6.471466  6.429889  6.411114  6.394437  6.381664  6.377114  6.396099  6.415833  6.418829  6.398717  6.355207  6.216950  6.128343  6.200238  6.208652  6.204399  6.179430  6.129444  6.122617  6.214868  6.284380  6.303929  6.425919  6.699393  6.970267  7.249872  7.608441  8.001131  8.487271  9.023900  9.547961  4.999990  4.999990  4.999990  4.999990  4.999990  4.999990  
81
9.492381  9.484532  9.492397  9.485521  9.488713  9.491680  9.492047  9.481753  9.502286  9.507205  9.489669  9.485511  9.476868  9.474788  9.513165  9.531420  9.531162  9.504919  9.433463  9.239722  8.758535  8.103218  7.289157  6.882528  6.572250  6.366570  6.281711  6.240442  6.131315  6.030138  6.044134  6.057457  6.066294  6.102081  6.205565  6.266848  6.318590  6.372131  6.279196  4.898975  4.292942  4.375476  4.261550  4.641821  6.404950  6.378855  6.376406  6.363457  6.359841  6.366265  6.373837  6.399754  6.404580  6.386867  6.350731  5.882545  5.490571  5.696701  5.901657  5.924711  6.188586  6.143888  6.110468  6.205525  6.274997  6.308516  6.448609  6.723545  6.971324  7.282064  7.679996  8.084136  8.428985  8.839389  9.451466  4.999990  4.999990  4.999990  4.999990  4.999990  4.999990  
82
9.422427  9.433900  9.457914  9.466062  9.466105  9.478684  9.495730  9.497993  9.499720  9.492909  9.477968  9.468164  9.459999  9.450448  9.537107  9.566206  9.527975  9.476331  9.333191  9.001468  8.528036  7.945895  7.379548  6.963382  6.597843  6.356203  6.247797  6.182433  6.038420  5.957670  6.025541  6.049451  6.070074  6.110816  6.215874  6.263965  6.286461  6.352207  4.731913  3.405731  3.425990  3.470460  3.496817  3.510749  3.498547  6.104772  6.350401  6.381049  6.428710  6.400814  6.372157  6.378369  6.365504  6.350335  6.343215  4.922463  4.661251  4.985716  5.334486  5.517198  5.988715  6.117230  6.079467  6.161775  6.239158  6.292914  6.502789  6.761209  6.973565  7.328338  7.843031  8.220713  8.527810  8.751308  9.520791  4.999990  4.999990  4.999990  4.999990  4.999990  4.999990  
83
9.375686  9.387824  9.439692  9.460793  9.439131  9.465790  9.500349  9.474598  9.452586  9.464085  9.478065  9.460539  9.466049  9.437835  9.528744  9.765628  7.699787  8.504355  8.987309  8.541633  8.155459  7.802013  7.418572  6.993203  6.601113  6.334685  6.183794  6.061924  5.947337  5.818629  5.828673  6.015950  6.134572  6.230068  6.290646  6.262369  6.239361  6.250575  3.605120  3.469748  3.454952  3.484775  3.464895  3.468722  3.472038  3.865301  5.663606  6.516922  6.510947  6.478713  6.374540  6.355370  6.337903  6.324340  6.286861  4.875835  4.628766  4.501912  4.908948  5.205120  5.629491  6.062925  6.017321  6.097068  6.262904  6.374625  6.572527  6.854138  7.075217  7.421100  7.820917  8.258194  8.738675  8.757303  8.757303  4.999990  4.999990  4.999990  4.999990  4.999990  4.999990  
84
9.375686  9.400107  9.164200  8.916283  9.264474  9.479513  9.493181  9.314193  9.402403  9.433590  9.495129  9.452917  9.471010  9.480123  9.451076  5.890046  5.926429  6.051906  7.118357  7.796232  7.738395  7.615159  7.178895  6.684441  6.302340  5.818111  5.720535  6.010212  6.034983  5.439491  5.150242  5.798711  6.108002  6.336707  6.454672  6.179431  6.159730  6.099770  3.637479  3.519714  3.475550  3.493283  3.452964  3.443901  3.448287  3.149493  2.981519  5.439544  6.667126  6.467050  6.378994  6.342554  6.361076  6.292244  4.950623  4.829206  3.847575  3.962636  4.030948  4.237727  3.670709  3.908278  3.424607  3.441324  6.167733  5.874388  5.892167  6.937417  6.730624  6.820570  7.120971  6.945357  6.993895  7.510955  6.340243  4.999990  4.999990  4.999990  4.999990  4.999990  4.999990  
85
9.375686  9.282883  8.916283  8.916283  8.916283  9.163564  9.459839  9.387189  9.449594  9.294924  9.494881  9.486713  9.459556  9.445620  7.631701  5.867828  5.912439  6.108433  6.584216  7.196306  7.309765  7.186485  6.703226  6.462807  6.202508  5.683548  5.432855  5.713999  2.297980  2.548056  4.560075  5.676793  6.279662  6.317870  6.610246  5.889443  5.889443  3.629525  3.639975  3.529121  3.481311  3.496333  3.449720  3.430913  3.423875  3.124161  2.981569  3.001522  5.555140  6.513772  6.392129  6.353706  6.330166  6.263613  4.950623  4.466671  4.224695  3.818656  3.769461  3.610651  3.441121  3.394109  3.362537  3.314999  2.905123  4.845208  4.370066  4.985798  5.599067  5.802351  6.406835  6.914733  6.230289  6.259619  6.227321  4.999990  4.999990  4.999990  4.999990  4.999990  4.999990  
86
9.375686  9.015426  8.916283  8.916283  8.916283  9.163564  9.188061  9.387189  9.387189  9.395163  9.466240  9.402425  9.411006  9.141009  5.844139  5.808355  5.808355  6.066204  6.209998  6.722763  6.999940  6.705898  6.171962  6.212966  6.289195  5.717060  5.447329  4.894266  2.087792  2.216513  3.853543  5.619696  6.238870  6.378574  6.570347  5.889443  3.612705  3.591063  3.718658  3.700925  3.539448  3.514265  3.452680  3.420017  3.393503  3.159288  2.988363  3.001524  3.001524  5.959179  6.367535  6.348730  6.340585  6.041851  4.466671  4.224695  4.224695  3.847785  3.909244  3.608659  3.412691  3.317142  3.250955  3.056462  2.917558  2.872307  4.057205  5.131763  5.236599  5.259656  6.312254  6.483579  6.237854  6.244341  6.258183  4.999990  4.999990  4.999990  4.999990  4.999990  4.999990  
87
3.443302  8.916283  8.916283  8.916283  8.916283  8.916283  8.916283  9.400413  9.395163  9.452376  9.481801  9.469420  9.458778  7.844947  5.844139  5.808355  5.905936  6.036511  6.562406  6.734084  7.053534  6.169073  6.195409  6.212966  6.205117  5.632541  5.288494  1.667415  1.667415  1.523295  2.383394  2.545282  6.224704  6.385840  6.385840  3.519944  3.612705  3.606693  3.880946  3.891248  3.679895  3.550532  3.467534  3.335892  3.283513  3.159817  2.920166  2.960845  3.001524  2.954779  5.901136  6.357328  6.332901  5.604791  4.324151  4.324151  4.038685  3.943529  3.852057  3.581461  3.510150  3.404294  3.203030  3.090486  3.071745  2.876535  5.216456  5.109357  5.058512  5.190141  5.706248  6.232066  6.227374  6.208815  6.182914  4.999990  4.999990  4.999990  4.999990  4.999990  4.999990  
88
3.408424  8.916283  8.916283  8.916283  8.916283  8.916283  8.916283  9.410927  9.341057  9.395163  9.421395  9.402425  9.411006  5.808355  5.844139  5.866726  5.808355  6.209998  6.472041  6.734084  6.734084  6.146839  6.171962  6.205117  6.205117  5.907771  4.367178  0.737505  0.064617  0.505027  0.913078  2.545282  2.545282  6.242569  6.385840  3.612705  3.601865  3.420180  3.556954  3.760443  3.364137  3.441563  3.483481  3.288035  3.171058  3.149021  2.886396  3.034402  2.956047  2.954779  2.960845  6.353468  6.329184  4.125383  4.125383  3.908114  3.908114  3.876958  3.784896  3.601871  3.578814  3.454498  3.142387  3.153792  3.303255  3.121505  5.216456  5.175268  5.175268  5.182705  5.094255  6.147487  6.147487  6.110398  6.059900  4.999990  4.999990  4.999990  4.999990  4.999990  4.999990  
89
3.408424  5.244377  8.916283  8.916283  8.916283  8.916283  8.916283  9.387189  9.395163  9.473204  9.467238  9.460011  8.655525  5.808355  5.808355  5.808355  5.926132  5.998485  6.596765  6.919816  7.053534  6.325223  6.195409  6.195409  6.205117  6.289195  0.651463  0.035246  0.049932  0.035246  0.035246  0.035246  0.870929  4.137495  5.493073  3.612705  3.356005  2.875125  3.070344  3.070344  2.906105  3.085834  3.359144  3.250264  3.247067  3.334423  3.110409  2.886396  3.110409  2.936029  2.936029  3.001524  4.324151  4.074983  4.055995  3.943529  3.889467  3.852057  3.670284  3.601871  3.572576  3.217561  2.973512  2.973512  3.108981  3.234322  5.237050  5.175268  5.175268  5.175268  5.798688  6.110398  6.059900  6.059900  6.059900  4.999990  4.999990  4.999990  4.999990  4.999990  4.999990  
90
3.356401  3.356401  8.916283  8.916283  8.916283  8.916283  8.916283  9.326764  9.341057  9.395163  9.421395  9.402425  7.627573  5.850649  5.808355  5.905936  5.957507  6.209998  6.472041  6.734084  6.734084  6.146839  6.171962  6.205117  6.212966  0.049932  0.312812  0.035246  0.049932  0.035246  0.436909  0.035246  0.436909  0.436909  3.601865  3.612705  3.251131  2.875125  2.875125  2.875125  2.906105  2.906105  3.383331  3.233439  3.178534  3.194165  3.181413  2.886396  2.886396  2.886396  2.886396  3.019109  4.125383  3.908114  3.908114  3.911309  3.889467  3.816280  3.653923  3.572031  3.418328  2.973512  2.973512  2.973512  2.973512  3.139518  5.237050  5.175268  5.175268  5.175268  5.904432  6.110398  6.110398  6.059900  6.059900  4.999990  4.999990  4.999990  4.999990  4.999990  4.999990  
91
3.427585  3.427585  8.916283  8.916283  8.916283  8.916283  8.916283  9.199466  9.423319  9.481801  9.467238  9.473911  5.844139  5.871125  5.871125  5.808355  5.982905  6.103570  6.734084  6.919816  6.662157  6.284387  6.195409  6.195409  6.205117  0.035246  0.035246  0.035246  0.035246  0.035246  0.035246  0.035246  0.312812  0.035246  3.420180  3.243915  3.070344  2.875125  3.070344  3.070344  3.085834  3.085834  3.359144  3.244316  3.268906  3.334423  3.110409  3.110409  3.110409  3.110409  3.110409  3.046995  4.055995  3.908114  3.908114  3.876958  3.876958  3.739140  3.578814  3.578814  2.973512  3.022443  2.973512  2.973512  2.973512  3.139518  5.175268  5.175268  5.175268  5.175268  6.059900  6.059900  6.059900  6.059900  6.059900  4.999990  4.999990  4.999990  4.999990  4.999990  4.999990  
92
3.427585  3.356401  6.136342  8.916283  8.916283  8.916283  8.916283  8.916283  9.341057  9.395163  9.421395  9.402425  5.808355  5.808355  5.808355  5.926132  5.968590  6.472041  6.683209  6.734084  6.734084  6.146839  6.171962  6.121040  3.989435  0.312812  0.049932  0.035246  0.035246  0.035246  0.436909  0.035246  0.035246  0.035246  2.188367  2.875125  3.070344  3.070344  2.875125  2.875125  2.906105  2.906105  3.348249  3.323799  3.178534  3.192404  3.334423  2.886396  3.110409  2.886396  2.886396  2.886396  3.809297  3.943529  3.889467  3.908114  3.852057  3.745669  3.601871  3.287692  2.973512  2.973512  2.973512  2.973512  2.973512  3.063825  5.175268  5.175268  5.175268  5.175268  6.059900  6.059900  6.110398  6.059900  6.059900  4.999990  4.999990  4.999990  4.999990  4.999990  4.999990  
93
3.427585  3.356401  3.356401  8.916283  8.916283  8.916283  8.916283  9.274084  9.423319  9.481801  9.467238  8.266157  5.808355  5.808355  5.877390  5.808355  5.982905  6.103570  6.734084  6.919816  6.662157  6.284387  6.195409  6.195409  0.035246  0.035246  0.049932  0.035246  0.035246  0.035246  0.035246  0.436909  0.436909  0.035246  1.781971  2.875125  2.875125  2.875125  3.070344  3.015598  3.015598  3.085834  3.132625  3.244316  3.268906  3.334423  3.194165  3.165700  3.110409  2.886396  3.110409  3.110409  3.889467  3.876958  3.889467  3.889467  3.889467  3.601871  3.452327  2.973512  2.973512  2.973512  2.973512  2.973512  2.973512  2.973512  3.756762  5.175268  5.175268  5.175268  5.798688  6.110398  6.059900  6.059900  6.059900  4.999990  4.999990  4.999990  4.999990  4.999990  4.999990  
94
3.411154  3.356401  -25.270969  -25.446493  -25.305796  -25.426638  -25.469330  -25.484608  -25.653440  -25.682795  -25.707581  -25.668272  -25.546698  -25.486612  -16.509298  -14.927333  -24.692207  -9.204775  -3.833686  6.734084  6.734084  6.146839  6.153062  6.121040  0.035246  0.035246  0.035246  0.035246  0.035246  0.035246  0.035246  0.035246  0.035246  0.035246  1.781971  2.875125  2.875125  3.070344  2.875125  2.875125  2.906105  2.906105  3.336666  3.371479  3.220953  3.192404  3.110409  3.181413  3.110409  2.886396  3.110409  -21.482624  -25.371618  -25.393333  -25.337944  -4.512654  3.702463  3.682365  3.418328  3.300629  3.022443  2.973512  2.973512  2.973512  2.973512  2.973512  4.074390  5.175268  5.175268  5.175268  6.059900  6.059900  6.110398  6.059900  6.059900  4.999990  4.999990  4.999990  4.999990  4.999990  4.999990  
95
-25.868584  -25.470175  -25.470175  -25.270969  -25.305796  -25.305796  -25.262222  -25.595713  -25.669447  -25.777287  -25.706390  -25.625870  -25.384306  -25.384306  -25.381342  -25.423571  -24.881592  -24.692207  -24.692207  -24.881592  -24.720621  -24.730093  -24.585608  -24.585608  -24.953804  -25.088795  -25.006495  -19.989351  0.035246  0.035246  0.035246  0.035246  -16.739843  -25.127388  -25.473045  -25.463808  -25.390814  -25.240414  -25.240414  -25.240414  -25.140316  -25.140316  -25.049377  -25.027710  -14.417118  -24.949974  -3.867236  3.334423  -13.963804  -25.262121  -25.738083  -25.647636  -25.461821  -25.183733  -25.183733  -25.337944  -25.235950  -25.235950  3.287692  2.973512  2.973512  2.973512  2.973512  2.973512  2.973512  2.973512  3.591686  5.175268  5.175268  5.617584  6.059900  6.059900  6.059900  -9.535873  -25.131647  4.999990  4.999990  4.999990  4.999990  4.999990  4.999990  
96
-25.630762  -25.630762  -25.392941  -25.470175  -25.148998  -25.148998  -25.484608  -25.484608  -25.653440  -25.682795  -25.707581  -25.668272  -25.565195  -25.486612  -25.459709  -25.354065  -24.692207  -24.881592  -24.881592  -24.692207  -24.928955  -24.730093  -24.730093  -24.834332  -25.095236  -25.114922  -25.062756  -24.846624  -25.092501  -25.074034  -25.273333  -25.253622  -25.253622  -25.127388  -25.446363  -25.516064  -25.340511  -25.340511  -25.240414  -25.240414  -25.240414  -25.107605  -25.027710  -25.027710  -25.019064  -24.975874  -24.949974  -24.949974  -25.183733  -25.734926  -25.735769  -25.544127  -25.371618  -25.393333  -25.337944  -25.235950  -25.235950  -25.288168  -25.288168  -25.224506  -25.215771  -25.268061  -25.357979  -25.406137  -25.331778  -25.331778  -25.730247  -25.868584  -26.029066  -25.868584  -25.868584  -25.868584  -25.131647  -25.053755  -25.053755  4.999990  4.999990  4.999990  4.999990  4.999990  4.999990  
