97
0 0 0
0
4.999990  4.999990  4.999990  4.999990  4.999990  4.999990  4.999990  4.999990  4.999990  4.999990  4.999990  4.999990  4.999990  4.999990  4.999990  4.999990  4.999990  4.999990  4.999990  4.999990  4.999990  4.999990  4.999990  4.999990  4.999990  4.999990  4.999990  4.999990  4.999990  4.999990  4.999990  4.999990  4.999990  4.999990  4.999990  4.999990  4.999990  4.999990  4.999990  4.999990  4.999990  4.999990  4.999990  4.999990  4.999990  4.999990  4.999990  4.999990  4.999990  4.999990  4.999990  4.999990  4.999990  4.999990  4.999990  4.999990  4.999990  4.999990  4.999990  4.999990  4.999990  4.999990  4.999990  4.999990  4.999990  4.999990  4.999990  4.999990  4.999990  4.999990  4.999990  4.999990  4.999990  4.999990  4.999990  4.999990  4.999990  4.999990  4.999990  4.999990  4.999990  
1
4.999990  4.999990  4.999990  4.999990  4.999990  4.999990  4.999990  4.999990  4.999990  4.999990  4.999990  4.999990  4.999990  4.999990  4.999990  4.999990  4.999990  4.999990  4.999990  4.999990  4.999990  4.999990  4.999990  4.999990  4.999990  4.999990  4.999990  4.999990  4.999990  4.999990  4.999990  4.999990  4.999990  4.999990  4.999990  4.999990  4.999990  4.999990  4.999990  4.999990  4.999990  4.999990  4.999990  4.999990  4.999990  4.999990  4.999990  4.999990  4.999990  4.999990  4.999990  4.999990  4.999990  4.999990  4.999990  4.999990  4.999990  4.999990  4.999990  4.999990  4.999990  4.999990  4.999990  4.999990  4.999990  4.999990  4.999990  4.999990  4.999990  4.999990  4.999990  4.999990  4.999990  4.999990  4.999990  4.999990  4.999990  4.999990  4.999990  4.999990  4.999990  
2
4.999990  4.999990  4.999990  4.999990  4.999990  4.999990  4.999990  4.999990  4.999990  4.999990  4.999990  4.999990  4.999990  4.999990  4.999990  4.999990  4.999990  4.999990  4.999990  4.999990  4.999990  4.999990  4.999990  4.999990  4.999990  4.999990  4.999990  4.999990  4.999990  4.999990  4.999990  4.999990  4.999990  4.999990  4.999990  4.999990  4.999990  4.999990  4.999990  4.999990  4.999990  4.999990  4.999990  4.999990  4.999990  4.999990  4.999990  4.999990  4.999990  4.999990  4.999990  4.999990  4.999990  4.999990  4.999990  4.999990  4.999990  4.999990  4.999990  4.999990  4.999990  4.999990  4.999990  4.999990  4.999990  4.999990  4.999990  4.999990  4.999990  4.999990  4.999990  4.999990  4.999990  4.999990  4.999990  4.999990  4.999990  4.999990  4.999990  4.999990  4.999990  
3
4.999990  4.999990  4.999990  4.999990  4.999990  4.999990  4.999990  4.999990  4.999990  4.999990  4.999990  4.999990  4.999990  4.999990  4.999990  4.999990  4.999990  4.999990  4.999990  4.999990  4.999990  4.999990  4.999990  4.999990  4.999990  4.999990  4.999990  4.999990  4.999990  4.999990  4.999990  4.999990  4.999990  4.999990  4.999990  4.999990  4.999990  4.999990  4.999990  4.999990  4.999990  4.999990  4.999990  4.999990  4.999990  4.999990  4.999990  4.999990  4.999990  4.999990  4.999990  4.999990  4.999990  4.999990  4.999990  4.999990  4.999990  4.999990  4.999990  4.999990  4.999990  4.999990  4.999990  4.999990  4.999990  4.999990  4.999990  4.999990  4.999990  4.999990  4.999990  4.999990  4.999990  4.999990  4.999990  4.999990  4.999990  4.999990  4.999990  4.999990  4.999990  
4
4.999990  4.999990  4.999990  4.999990  4.999990  4.999990  4.999990  4.999990  4.999990  4.999990  4.999990  4.999990  4.999990  4.999990  4.999990  4.999990  4.999990  4.999990  4.999990  4.999990  4.999990  4.999990  4.999990  4.999990  4.999990  4.999990  4.999990  4.999990  4.999990  4.999990  4.999990  4.999990  4.999990  4.999990  4.999990  4.999990  4.999990  4.999990  4.999990  4.999990  4.999990  4.999990  4.999990  4.999990  4.999990  4.999990  4.999990  4.999990  4.999990  4.999990  4.999990  4.999990  4.999990  4.999990  4.999990  4.999990  4.999990  4.999990  4.999990  4.999990  4.999990  4.999990  4.999990  4.999990  4.999990  4.999990  4.999990  4.999990  4.999990  4.999990  4.999990  4.999990  4.999990  4.999990  4.999990  4.999990  4.999990  4.999990  4.999990  4.999990  4.999990  
5
4.999990  4.999990  4.999990  4.999990  4.999990  4.999990  4.999990  4.999990  4.999990  4.999990  4.999990  4.999990  4.999990  4.999990  4.999990  4.999990  4.999990  4.999990  4.999990  4.999990  4.999990  4.999990  4.999990  4.999990  4.999990  4.999990  4.999990  4.999990  4.999990  4.999990  4.999990  4.999990  4.999990  4.999990  4.999990  4.999990  4.999990  4.999990  4.999990  4.999990  4.999990  4.999990  4.999990  4.999990  4.999990  4.999990  4.999990  4.999990  4.999990  4.999990  4.999990  4.999990  4.999990  4.999990  4.999990  4.999990  4.999990  4.999990  4.999990  4.999990  4.999990  4.999990  4.999990  4.999990  4.999990  4.999990  4.999990  4.999990  4.999990  4.999990  4.999990  4.999990  4.999990  4.999990  4.999990  4.999990  4.999990  4.999990  4.999990  4.999990  4.999990  
6
4.999990  4.999990  4.999990  4.999990  4.999990  4.999990  4.999990  4.999990  4.999990  4.999990  4.999990  4.999990  4.999990  4.999990  4.999990  4.999990  4.999990  4.999990  4.999990  4.999990  4.999990  4.999990  4.999990  4.999990  4.999990  4.999990  4.999990  4.999990  4.999990  4.999990  4.999990  4.999990  4.999990  4.999990  4.999990  4.999990  4.999990  4.999990  4.999990  4.999990  4.999990  4.999990  4.999990  4.999990  4.999990  4.999990  4.999990  4.999990  4.999990  4.999990  4.999990  4.999990  4.999990  4.999990  4.999990  4.999990  4.999990  4.999990  4.999990  4.999990  4.999990  4.999990  4.999990  4.999990  4.999990  4.999990  4.999990  4.999990  4.999990  4.999990  4.999990  4.999990  4.999990  4.999990  4.999990  4.999990  4.999990  4.999990  4.999990  4.999990  4.999990  
7
4.999990  4.999990  4.999990  4.999990  4.999990  4.999990  4.999990  4.999990  4.999990  4.999990  4.999990  4.999990  4.999990  4.999990  4.999990  4.999990  4.999990  4.999990  4.999990  4.999990  4.999990  4.999990  4.999990  4.999990  4.999990  4.999990  4.999990  4.999990  4.999990  4.999990  4.999990  4.999990  4.999990  4.999990  4.999990  4.999990  4.999990  4.999990  4.999990  4.999990  4.999990  4.999990  4.999990  4.999990  4.999990  4.999990  4.999990  4.999990  4.999990  4.999990  4.999990  4.999990  4.999990  4.999990  4.999990  4.999990  4.999990  4.999990  4.999990  4.999990  4.999990  4.999990  4.999990  4.999990  4.999990  4.999990  4.999990  4.999990  4.999990  4.999990  4.999990  4.999990  4.999990  4.999990  4.999990  4.999990  4.999990  4.999990  4.999990  4.999990  4.999990  
8
4.999990  4.999990  4.999990  4.999990  4.999990  4.999990  4.999990  4.999990  4.999990  4.999990  4.999990  4.999990  4.999990  4.999990  4.999990  4.999990  4.999990  4.999990  4.999990  4.999990  4.999990  4.999990  4.999990  4.999990  4.999990  4.999990  4.999990  4.999990  4.999990  4.999990  4.999990  4.999990  4.999990  4.999990  4.999990  4.999990  4.999990  4.999990  4.999990  4.999990  4.999990  4.999990  4.999990  4.999990  4.999990  4.999990  4.999990  4.999990  4.999990  4.999990  4.999990  4.999990  4.999990  4.999990  4.999990  4.999990  4.999990  4.999990  4.999990  4.999990  4.999990  4.999990  4.999990  4.999990  4.999990  4.999990  4.999990  4.999990  4.999990  4.999990  4.999990  4.999990  4.999990  4.999990  4.999990  4.999990  4.999990  4.999990  4.999990  4.999990  4.999990  
9
4.999990  4.999990  4.999990  4.999990  4.999990  4.999990  4.999990  4.999990  4.999990  4.999990  4.999990  4.999990  4.999990  4.999990  4.999990  4.999990  4.999990  4.999990  4.999990  4.999990  4.999990  4.999990  4.999990  4.999990  4.999990  4.999990  4.999990  4.999990  4.999990  4.999990  4.999990  4.999990  4.999990  4.999990  4.999990  4.999990  4.999990  4.999990  4.999990  4.999990  4.999990  4.999990  4.999990  4.999990  4.999990  4.999990  4.999990  4.999990  4.999990  4.999990  4.999990  4.999990  4.999990  4.999990  4.999990  4.999990  4.999990  4.999990  4.999990  4.999990  4.999990  4.999990  4.999990  4.999990  4.999990  4.999990  4.999990  4.999990  4.999990  4.999990  4.999990  4.999990  4.999990  4.999990  4.999990  4.999990  4.999990  4.999990  4.999990  4.999990  4.999990  
10
4.999990  4.999990  4.999990  4.999990  4.999990  4.999990  4.999990  4.999990  4.999990  4.999990  4.999990  4.999990  4.999990  4.999990  4.999990  4.999990  4.999990  4.999990  4.999990  4.999990  4.999990  4.999990  4.999990  4.999990  4.999990  4.999990  4.999990  4.999990  4.999990  4.999990  4.999990  4.999990  4.999990  4.999990  4.999990  4.999990  4.999990  4.999990  4.999990  4.999990  4.999990  4.999990  4.999990  4.999990  4.999990  4.999990  4.999990  4.999990  4.999990  4.999990  4.999990  4.999990  4.999990  4.999990  4.999990  4.999990  4.999990  4.999990  4.999990  4.999990  4.999990  4.999990  4.999990  4.999990  4.999990  4.999990  4.999990  4.999990  4.999990  4.999990  4.999990  4.999990  4.999990  4.999990  4.999990  4.999990  4.999990  4.999990  4.999990  4.999990  4.999990  
11
4.999990  4.999990  4.999990  4.999990  4.999990  4.999990  4.999990  4.999990  4.999990  4.999990  4.999990  4.999990  4.999990  4.999990  4.999990  4.999990  4.999990  4.999990  4.999990  4.999990  4.999990  4.999990  4.999990  4.999990  4.999990  4.999990  4.999990  4.999990  4.999990  4.999990  4.999990  4.999990  4.999990  4.999990  4.999990  4.999990  4.999990  4.999990  4.999990  4.999990  4.999990  4.999990  4.999990  4.999990  4.999990  4.999990  4.999990  4.999990  4.999990  4.999990  4.999990  4.999990  4.999990  4.999990  4.999990  4.999990  4.999990  4.999990  4.999990  4.999990  4.999990  4.999990  4.999990  4.999990  4.999990  4.999990  4.999990  4.999990  4.999990  4.999990  4.999990  4.999990  4.999990  4.999990  4.999990  4.999990  4.999990  4.999990  4.999990  4.999990  4.999990  
12
4.999990  4.999990  4.999990  4.999990  4.999990  4.999990  4.999990  4.999990  4.999990  4.999990  4.999990  4.999990  4.999990  4.999990  4.999990  4.999990  4.999990  4.999990  4.999990  4.999990  4.999990  4.999990  4.999990  4.999990  4.999990  4.999990  4.999990  4.999990  4.999990  4.999990  4.999990  4.999990  4.999990  4.999990  4.999990  4.999990  4.999990  4.999990  4.999990  4.999990  4.999990  4.999990  4.999990  4.999990  4.999990  4.999990  4.999990  4.999990  4.999990  4.999990  4.999990  4.999990  4.999990  4.999990  4.999990  4.999990  4.999990  4.999990  4.999990  4.999990  4.999990  4.999990  4.999990  4.999990  4.999990  4.999990  4.999990  4.999990  4.999990  4.999990  4.999990  4.999990  4.999990  4.999990  4.999990  4.999990  4.999990  4.999990  4.999990  4.999990  4.999990  
13
4.999990  4.999990  4.999990  4.999990  4.999990  4.999990  4.999990  4.999990  4.999990  4.999990  4.999990  4.999990  4.999990  4.999990  4.999990  4.999990  4.999990  4.999990  4.999990  4.999990  4.999990  4.999990  4.999990  4.999990  4.999990  4.999990  4.999990  4.999990  4.999990  4.999990  4.999990  4.999990  4.999990  4.999990  4.999990  4.999990  4.999990  4.999990  4.999990  4.999990  4.999990  4.999990  4.999990  4.999990  4.999990  4.999990  4.999990  4.999990  4.999990  4.999990  4.999990  4.999990  4.999990  4.999990  4.999990  4.999990  4.999990  4.999990  4.999990  4.999990  4.999990  4.999990  4.999990  4.999990  4.999990  4.999990  4.999990  4.999990  4.999990  4.999990  4.999990  4.999990  4.999990  4.999990  4.999990  4.999990  4.999990  4.999990  4.999990  4.999990  4.999990  
14
7.788697  7.766435  7.774389  7.771171  7.761432  7.762156  7.761605  7.756573  7.753143  7.766053  7.771672  7.758639  7.740398  7.721862  7.711438  7.729846  7.730310  7.693037  7.675707  7.534800  7.268736  7.107653  6.855533  6.702561  6.609051  6.478795  6.414807  6.373726  6.270169  6.093161  5.462435  5.421784  6.086285  6.090549  6.049198  6.028082  6.008986  5.990693  5.997039  6.014305  6.002793  6.000066  5.999325  5.968888  5.976587  6.113723  6.106819  6.135399  6.098362  6.067353  6.109916  6.207718  6.216002  6.235796  6.288836  6.323123  6.326155  6.347158  6.478558  6.599923  6.621959  6.708777  6.817586  6.869910  6.887949  6.968421  7.118582  7.270231  7.419621  7.581296  7.738841  7.793502  7.775059  7.754225  7.736396  7.722526  7.747983  7.752376  7.732723  4.999990  4.999990  
15
7.785286  7.757417  7.764373  7.768644  7.765321  7.773835  7.769660  7.760409  7.749987  7.762599  7.769598  7.763102  7.753578  7.738494  7.738058  7.755069  7.749330  7.715136  7.683163  7.512331  7.165835  6.987206  6.782990  6.678510  6.563323  6.417661  6.348455  6.304099  6.189884  6.011055  5.322393  5.140304  5.695074  6.009408  5.960623  5.937275  5.915536  5.899600  5.907347  5.831171  5.533117  5.554810  5.882835  5.707597  5.554000  5.623501  5.684434  5.731622  5.545328  5.481519  5.501484  5.571850  5.592772  5.647672  5.738533  5.772064  5.755959  5.890957  6.113459  6.255335  6.244794  6.426023  6.673296  6.674386  6.687315  6.948030  7.154284  7.322098  7.494184  7.679619  7.829860  7.873537  7.858673  7.845711  7.844303  7.854490  7.889219  7.870791  7.858879  4.999990  4.999990  
16
7.802029  7.761018  7.764177  7.766717  7.764587  7.782394  7.781646  7.773792  7.758779  7.769455  7.774292  7.771764  7.765523  7.756413  7.764084  7.774314  7.755551  7.715065  7.674746  7.453870  7.043528  6.869791  6.739876  6.620833  6.438777  6.358426  6.288750  6.247559  6.150106  6.053632  5.557767  5.098037  5.173520  5.366632  5.617498  5.668245  5.675481  5.566330  5.646261  5.545421  5.202209  5.192418  5.278187  5.204330  5.064641  5.104070  5.194956  5.270287  5.072202  4.737442  5.030381  5.108301  5.167609  5.227670  5.271731  5.348056  5.338714  5.395744  5.610855  5.782351  5.861827  5.957254  6.120879  6.206692  6.287366  6.596635  7.067811  7.379184  7.544311  7.759885  7.936883  7.988181  7.964109  7.929487  7.922471  8.010213  8.070663  8.119669  8.104697  4.999990  4.999990  
17
7.826850  7.783040  7.783594  7.793611  7.795247  7.814352  7.820381  7.808979  7.786968  7.791421  7.793644  7.791881  7.784330  7.787280  7.799975  7.795227  7.754588  7.692102  7.645051  7.398230  6.951957  6.795925  6.681426  6.259971  6.046789  5.924262  5.868418  5.782750  5.739816  5.460129  5.115662  5.004093  4.850120  5.028061  5.161403  5.229721  5.227303  5.100595  5.106599  5.091728  4.928099  4.848434  4.848501  4.820397  4.620722  4.605937  4.660749  4.872917  4.728820  4.472718  4.490278  4.492399  4.503616  4.556889  4.648377  4.740050  4.795317  4.914638  5.109641  5.276918  5.334953  5.459881  5.560504  5.642174  5.763039  6.446312  7.007057  7.413191  7.593525  7.839340  8.056062  8.145468  8.104816  8.061588  8.350212  8.317440  8.295103  8.338240  8.334108  4.999990  4.999990  
18
7.877388  7.848416  7.859346  7.868963  7.876582  7.896300  7.890374  7.878086  7.855381  7.853902  7.848187  7.847428  7.848730  7.853809  7.871513  7.846578  7.769745  7.679052  7.626770  7.358046  6.924495  6.779994  6.513845  5.938190  5.562647  5.496092  5.429435  5.327509  5.378397  5.196879  4.459136  4.317343  4.421782  4.545235  4.703458  4.682230  4.606135  4.472806  4.449630  4.392411  4.399935  4.309911  4.402680  4.492318  4.424549  4.378052  4.323093  4.347658  4.367739  4.417543  4.388764  4.395006  4.404880  4.458881  4.547935  4.628751  4.692873  4.824501  5.028749  5.186790  5.183738  5.287780  5.454540  5.557672  5.723110  6.377796  6.986931  7.374278  7.589330  7.900032  8.160151  8.335498  8.864395  8.992133  8.589764  8.640020  8.743210  8.840229  8.656903  4.999990  4.999990  
19
7.983122  7.939821  7.944195  7.961636  7.954567  7.973371  7.975060  7.969782  7.949850  7.927608  7.920257  7.923259  7.921722  7.936789  7.941943  7.900417  7.796868  7.684296  7.626710  7.403796  6.900075  6.753590  6.326361  5.713305  5.337923  5.121530  4.911401  4.771106  4.924141  4.830940  4.398083  4.335064  4.394449  4.481221  4.503524  4.392638  4.224658  4.214372  4.225333  4.225779  4.249066  4.250011  4.307348  4.406887  4.339247  4.281397  4.271161  4.318352  4.444179  4.409785  4.320063  4.319713  4.329664  4.375082  4.466869  4.522230  4.552636  4.669466  4.913420  5.101083  5.122817  5.276200  5.430908  5.507375  5.728438  6.198247  6.852831  7.248290  7.631608  7.961841  8.256948  8.643618  8.968838  9.117437  9.118012  9.087197  9.145685  9.189205  9.228500  4.999990  4.999990  
20
8.103267  8.055855  8.057625  8.058557  8.042890  8.062064  8.067432  8.074395  8.058658  8.061075  8.063903  8.037103  8.025262  8.052547  8.052059  7.993259  7.846244  7.696563  7.613010  7.365529  6.872818  6.676143  6.180343  5.489196  5.196569  5.029719  4.834246  4.705261  4.643556  4.566360  4.446922  4.374825  4.333962  4.347744  4.307240  4.219439  4.153940  4.161547  4.160692  4.149143  4.178683  4.163765  4.262110  4.447129  4.356228  4.256350  4.256106  4.315815  4.394762  4.345159  4.260974  4.260513  4.274700  4.328606  4.398555  4.429316  4.444026  4.532482  4.735984  4.913481  5.010946  5.244833  5.420936  5.457310  5.580519  6.061101  6.531736  7.109400  7.591691  8.012936  8.413046  8.824349  9.133772  9.323312  9.474455  9.417368  9.359207  9.383868  9.422103  4.999990  4.999990  
21
8.251748  8.196476  8.221446  8.215766  8.187759  8.196821  8.205981  8.226463  8.237144  8.271303  8.270673  8.256297  8.227304  8.208791  8.180453  8.100411  7.902036  7.719554  7.606992  7.345708  6.829594  6.599559  6.008535  5.335231  5.068207  4.994473  4.817075  4.661581  4.601388  4.543181  4.453545  4.350272  4.256692  4.236640  4.206039  4.137057  4.084737  4.097281  4.086559  4.062963  4.082228  4.056459  4.130820  4.287115  4.214687  4.130053  4.159073  4.212873  4.273110  4.243254  4.220112  4.219341  4.237936  4.292328  4.342151  4.362739  4.366723  4.431195  4.579359  4.690072  4.924782  5.247389  5.393937  5.398897  5.517411  5.764275  6.258543  6.862543  7.567080  8.061761  8.512281  8.925738  9.302289  9.538909  9.597358  9.550477  9.527032  9.590289  9.605927  4.999990  4.999990  
22
8.384432  8.375884  8.392310  8.403493  8.378832  8.379465  8.376600  8.390181  8.413586  8.440542  8.450550  8.443799  8.429666  8.391215  8.327697  8.229897  7.977093  7.759847  7.593587  7.309972  6.809759  6.477020  5.906662  5.226845  5.003648  4.957369  4.790750  4.611995  4.543191  4.504968  4.430157  4.311246  4.183676  4.147312  4.108190  4.031618  3.997351  4.031551  4.020596  3.974845  3.988347  3.965353  4.003925  4.070867  3.998395  4.000605  4.077737  4.164817  4.216818  4.213574  4.191685  4.194945  4.217875  4.274988  4.321282  4.328980  4.335271  4.397017  4.479672  4.553579  4.820728  5.141419  5.328623  5.313407  5.424074  5.635180  6.070248  6.733156  7.513892  8.071854  8.565682  8.979537  9.433224  9.734070  9.805927  9.766259  9.735500  9.763259  9.830501  4.999990  4.999990  
23
8.544277  8.520261  8.533164  8.567578  8.543944  8.548893  8.534972  8.530696  8.549267  8.570990  8.579684  8.575224  8.555631  8.531351  8.449765  8.342787  8.069151  7.802310  7.587914  7.248244  6.780090  6.343626  5.725517  5.115331  4.967817  4.923581  4.755385  4.568937  4.486164  4.449007  4.386432  4.269556  4.140224  4.088656  4.030352  3.951625  3.918405  3.966416  3.966852  3.916766  3.928109  3.919639  3.954059  3.961641  3.925919  3.934338  4.014639  4.123507  4.183748  4.183640  4.170859  4.184207  4.210236  4.259715  4.281143  4.286290  4.295844  4.372991  4.448251  4.480999  4.745849  5.025678  5.233397  5.208600  5.319232  5.529036  5.926614  6.602504  7.462629  8.050563  8.586884  8.998445  9.461616  9.818954  9.872806  9.859345  9.827293  9.875606  9.901576  4.999990  4.999990  
24
8.711202  8.687896  8.681159  8.696575  8.679713  8.682772  8.693146  8.672603  8.688177  8.689614  8.685964  8.670903  8.658556  8.657864  8.596940  8.409312  8.116502  7.841228  7.578281  7.263486  6.871490  6.198117  5.548994  5.057367  4.932167  4.873761  4.709743  4.535388  4.451715  4.406920  4.344412  4.231031  4.102326  4.034976  3.973537  3.903672  3.858901  3.910804  3.923912  3.873212  3.884929  3.901583  3.929458  3.932459  3.898151  3.903813  3.988817  4.093055  4.152042  4.156355  4.150603  4.176423  4.201657  4.240255  4.256766  4.253625  4.258420  4.339293  4.417111  4.437498  4.569445  4.887550  5.121188  5.117589  5.215599  5.441823  5.828650  6.515866  7.414996  7.993901  8.620784  9.077865  9.445152  9.850850  9.891382  9.875620  9.837672  9.901576  9.901576  4.999990  4.999990  
25
8.804104  8.773583  8.775677  8.790997  8.778547  8.780746  8.784608  8.773747  8.777004  8.778673  8.771389  8.760368  8.758419  8.787168  8.742126  8.490672  8.170563  7.848782  7.587257  7.289626  6.937890  6.161211  5.355902  4.976561  4.886067  4.824139  4.654477  4.506365  4.426848  4.376871  4.309819  4.199397  4.068113  3.985268  3.929466  3.874044  3.830999  3.873699  3.897298  3.842809  3.853756  3.882190  3.907047  3.900282  3.876782  3.882313  3.972955  4.071064  4.119773  4.128407  4.130002  4.161638  4.186724  4.220531  4.235745  4.235759  4.232097  4.317185  4.403300  4.411824  4.468994  4.757573  5.006134  5.043265  5.141086  5.373769  5.769773  6.436661  7.320275  7.934344  8.580016  9.066504  9.502729  9.767800  9.899105  9.833805  9.863213  9.875606  9.901576  4.999990  4.999990  
26
8.870930  8.844105  8.846045  8.872837  8.880893  8.878325  8.876109  8.868471  8.865193  8.860748  8.848231  8.848976  8.847516  8.867908  8.829018  8.557055  8.260942  7.822615  7.570922  7.299432  6.985913  6.078783  5.306927  4.917535  4.848481  4.781060  4.611032  4.479985  4.405034  4.347625  4.271555  4.157643  4.020873  3.929807  3.892601  3.855043  3.809783  3.842736  3.869855  3.814722  3.819287  3.847890  3.856961  3.852766  3.843248  3.854506  3.952626  4.049706  4.089935  4.102643  4.111231  4.149902  4.172139  4.200737  4.219409  4.217002  4.211557  4.312415  4.403611  4.398672  4.425130  4.662848  4.878504  4.943148  5.047971  5.317224  5.753706  6.395691  7.301916  7.882947  8.519569  9.027089  9.523396  9.744493  9.879080  9.907132  9.878130  9.845464  9.875606  4.999990  4.999990  
27
8.962539  8.931191  8.928882  8.956421  8.965359  8.963063  8.956995  8.942025  8.931285  8.934566  8.923902  8.922403  8.917333  8.921960  8.874632  8.643134  8.392117  7.682742  7.530600  7.297792  7.005363  6.050555  5.221653  4.889669  4.817327  4.738962  4.571223  4.445353  4.377007  4.322910  4.237125  4.118754  3.981107  3.891079  3.866770  3.836871  3.789273  3.816595  3.834578  3.781254  3.777202  3.798947  3.810978  3.821023  3.820591  3.836782  3.936631  4.023500  4.061940  4.083854  4.103169  4.148794  4.170028  4.198550  4.216890  4.206866  4.199080  4.302742  4.396195  4.386290  4.411740  4.584182  4.779638  4.851326  4.981583  5.254299  5.715163  6.428083  7.210490  7.739924  8.394744  8.915290  9.511427  9.722134  9.821142  9.879541  9.832816  9.889922  9.901576  4.999990  4.999990  
28
9.057820  9.033965  9.029295  9.045873  9.041068  9.039433  9.038684  9.032951  9.026777  9.030163  9.037280  9.031097  9.017730  9.012407  8.972809  8.794560  8.474413  7.698055  7.510511  7.292815  6.991299  6.158513  5.143917  4.869576  4.787906  4.698617  4.532010  4.409996  4.346382  4.291390  4.199082  4.077878  3.935850  3.856658  3.834969  3.808475  3.761427  3.782662  3.796400  3.743680  3.735882  3.753874  3.769254  3.790122  3.791385  3.810496  3.905124  3.990099  4.034044  4.065156  4.099998  4.148138  4.169150  4.200726  4.225732  4.210851  4.201500  4.299474  4.393121  4.380777  4.406495  4.545258  4.717565  4.795481  4.935521  5.240182  5.749358  6.500868  7.140324  7.595607  8.218416  8.838544  9.507835  9.745671  9.876238  9.868916  9.883036  9.872880  9.891071  4.999990  4.999990  
29
9.138826  9.110551  9.107347  9.123992  9.107942  9.096716  9.089095  9.097876  9.105164  9.112973  9.113250  9.104109  9.091998  9.084098  9.037683  8.866557  8.486794  7.763003  7.483479  7.269794  6.936556  6.111499  5.112271  4.854302  4.762910  4.665787  4.504382  4.378667  4.312452  4.253678  4.169528  4.043857  3.896991  3.818255  3.795543  3.773072  3.730651  3.749945  3.762126  3.713034  3.705040  3.723805  3.737788  3.763587  3.767889  3.791691  3.872012  3.944193  4.000796  4.040485  4.086164  4.138390  4.160389  4.206607  4.238051  4.220883  4.207846  4.297043  4.385863  4.379514  4.394070  4.523495  4.687914  4.763615  4.922305  5.229639  5.540128  6.524670  7.109781  7.517244  8.022309  8.755529  9.423229  9.755530  9.861790  9.899725  9.857006  9.895399  9.852240  4.999990  4.999990  
30
9.201869  9.169907  9.182225  9.201580  9.173965  9.160878  9.159760  9.179460  9.186780  9.194021  9.195785  9.186658  9.167972  9.152331  9.086471  8.876365  8.466177  7.822962  7.472949  7.252243  6.854051  6.049744  5.102039  4.831427  4.730643  4.630291  4.476143  4.348273  4.269072  4.199668  4.128217  4.016663  3.862848  3.788406  3.760892  3.743832  3.706539  3.720450  3.738274  3.702771  3.692848  3.711582  3.729291  3.753366  3.759001  3.781169  3.847538  3.904950  3.968155  4.004431  4.063839  4.117006  4.138035  4.201720  4.242578  4.224398  4.206346  4.294207  4.384288  4.379062  4.392610  4.501889  4.657604  4.751160  4.912567  5.217247  5.467614  6.435238  7.096226  7.455799  7.936557  8.646167  9.320006  9.763544  9.848087  9.873740  9.901576  9.875759  9.905897  4.999990  4.999990  
31
9.270247  9.227112  9.227891  9.243703  9.221932  9.218899  9.228372  9.243502  9.248987  9.252804  9.253550  9.241795  9.228035  9.198924  9.114322  8.841282  8.381597  7.802271  7.469244  7.224017  6.775721  6.070243  5.095417  4.794587  4.687069  4.597034  4.455625  4.328034  4.235276  4.150356  4.090658  3.989703  3.840057  3.766371  3.744526  3.736455  3.699836  3.708141  3.729573  3.722704  3.688355  3.713021  3.727468  3.747267  3.757098  3.776415  3.836010  3.891530  3.951817  3.974436  4.029637  4.090985  4.120374  4.194717  4.245732  4.229154  4.204672  4.304918  4.391885  4.380021  4.393409  4.490456  4.641737  4.742022  4.905933  5.202501  5.576365  6.424676  7.019615  7.390726  7.896955  8.499756  9.182457  9.735364  9.865368  9.843571  9.879825  9.916390  9.899413  4.999990  4.999990  
32
9.318388  9.266212  9.253046  9.269067  9.258052  9.263515  9.279479  9.284279  9.280611  9.279307  9.284023  9.277885  9.259294  9.232113  9.154711  8.855723  8.318054  7.711865  7.464663  7.171242  6.698726  6.096234  5.149720  4.776507  4.662027  4.578547  4.455623  4.323269  4.218347  4.120516  4.065916  3.973136  3.828980  3.760469  3.749481  3.745667  3.709419  3.714971  3.733348  3.715828  3.703547  3.730434  3.738691  3.750576  3.762564  3.782350  3.838372  3.892313  3.944230  3.957695  4.010043  4.078640  4.123433  4.212749  4.262269  4.263533  4.216129  4.325364  4.398329  4.382784  4.398015  4.496798  4.655233  4.759800  4.906563  5.187542  5.613977  6.292328  6.928986  7.344983  7.866839  8.480359  9.096498  9.668851  9.862552  9.900642  9.916390  9.916390  9.916390  4.999990  4.999990  
33
9.355844  9.292651  9.266073  9.285023  9.281833  9.288770  9.305627  9.301868  9.293454  9.290153  9.297580  9.293690  9.280689  9.271149  9.234366  8.932702  8.408666  7.738074  7.440257  7.161459  6.693267  6.132509  5.250600  4.770689  4.642807  4.566076  4.451768  4.327323  4.205862  4.105419  4.047900  3.967824  3.843092  3.778390  3.770512  3.765297  3.725497  3.725310  3.742981  3.725318  3.715065  3.737786  3.748368  3.749818  3.765826  3.792279  3.845073  3.902438  3.942089  3.963752  4.013336  4.079211  4.133674  4.222481  4.264303  4.250373  4.212034  4.306886  4.394261  4.385988  4.406944  4.522578  4.684267  4.781680  4.910054  5.157200  5.609345  6.247037  6.830381  7.337227  7.906263  8.429023  9.035260  9.601110  9.856739  9.890458  9.869165  9.916390  9.864688  4.999990  4.999990  
34
9.385411  9.325975  9.303859  9.325157  9.328047  9.332500  9.340144  9.331558  9.322286  9.315916  9.324459  9.326066  9.312971  9.309419  9.294364  9.056784  8.621217  7.741947  7.436931  7.147269  6.648320  6.118069  5.374397  4.756230  4.630576  4.564421  4.460743  4.331864  4.191370  4.085134  4.028504  3.969529  3.845322  3.795085  3.794537  3.788944  3.742533  3.744166  3.757849  3.745210  3.737156  3.758090  3.761448  3.754606  3.773038  3.810961  3.862180  3.920298  3.954713  3.989436  4.052122  4.107661  4.157149  4.240121  4.270188  4.245738  4.210949  4.297398  4.396946  4.390654  4.423030  4.553814  4.722475  4.815400  4.920144  5.146981  5.592815  6.241707  6.770727  7.430378  7.995291  8.416538  9.031691  9.515505  9.857035  9.867263  9.851452  9.865096  9.859145  4.999990  4.999990  
35
9.423853  9.371500  9.360229  9.388280  9.391337  9.392957  9.388770  9.375415  9.370947  9.365454  9.376801  9.376580  9.362457  9.357303  9.343054  9.182164  8.933448  8.167415  7.436898  7.083754  6.625178  6.038441  5.390894  4.751178  4.633124  4.570846  4.470362  4.334239  4.176771  4.064438  4.011491  3.961355  3.850905  3.804018  3.817638  3.807801  3.763204  3.765951  3.778141  3.775762  3.768090  3.780772  3.782588  3.766812  3.788354  3.832732  3.877799  3.930014  3.964912  4.005813  4.077692  4.136847  4.179129  4.235511  4.274337  4.226458  4.209509  4.314786  4.418329  4.412633  4.449992  4.573513  4.752862  4.834114  4.948503  5.157804  5.579609  6.174428  6.725955  7.366611  7.992124  8.456451  9.035378  9.478600  9.840702  9.860745  9.850155  9.864183  9.853727  4.999990  4.999990  
36
9.482136  9.437962  9.440279  9.464596  9.464901  9.464772  9.452593  9.437395  9.430594  9.433266  9.440722  9.442408  9.432504  9.424471  9.401838  9.293590  9.134073  9.031984  7.444978  6.961612  6.603517  6.010260  5.308695  4.728854  4.611780  4.558736  4.470759  4.322823  4.163738  4.040759  3.992412  3.947358  3.854687  3.813179  3.832666  3.821590  3.781504  3.790270  3.801780  3.808826  3.798929  3.805551  3.809639  3.788512  3.817806  3.866054  3.904469  3.952188  3.997995  4.053920  4.132017  4.173509  4.191995  4.221204  4.266797  4.209259  4.201393  4.335449  4.455473  4.435491  4.465872  4.589564  4.745937  4.832515  4.962324  5.195185  5.597024  6.141028  6.760755  7.302034  7.954389  8.430914  9.012356  9.447523  9.850634  9.870226  9.911454  9.869843  9.911454  4.999990  4.999990  
37
9.535079  9.498035  9.498249  9.516697  9.517114  9.514977  9.503864  9.492031  9.483358  9.490297  9.498864  9.495092  9.489950  9.479125  9.455038  9.393650  9.332731  9.242231  7.200700  6.780903  6.577936  6.091063  5.232733  4.699322  4.581771  4.539390  4.447786  4.295396  4.139861  4.023934  3.975279  3.939021  3.855607  3.821489  3.845084  3.832114  3.795464  3.814469  3.830809  3.849934  3.837785  3.838073  3.838710  3.808916  3.851074  3.915248  3.947992  3.995676  4.051565  4.114445  4.181281  4.213758  4.217460  4.236301  4.253738  4.282458  4.239696  4.372997  4.483577  4.462308  4.487969  4.592004  4.739344  4.846172  4.999184  5.224070  5.569321  6.068548  6.760762  7.217935  7.893239  8.362738  8.985391  9.456168  9.849285  9.868332  9.895269  9.868612  9.895269  4.999990  4.999990  
38
9.568568  9.542080  9.542332  9.557171  9.561730  9.558053  9.549964  9.540235  9.537223  9.545752  9.550467  9.539560  9.529027  9.517225  9.485508  9.420866  9.360198  9.289129  6.815665  6.788815  6.560349  6.190554  5.364315  4.670108  4.563101  4.512834  4.416937  4.256827  4.107817  4.011439  3.965176  3.931711  3.863361  3.840948  3.861112  3.844569  3.808429  3.838588  3.853638  3.889783  3.877600  3.870028  3.866926  3.833121  3.890465  3.965375  3.999561  4.052619  4.105277  4.159147  4.220016  4.239253  4.245635  4.293519  4.324803  4.309387  4.309888  4.432724  4.521639  4.497974  4.509406  4.589825  4.738683  4.853918  5.036482  5.267423  5.525913  6.085194  6.745653  7.183300  7.841551  8.332583  9.008912  9.469728  9.844006  9.856250  9.874506  9.859745  9.874506  4.999990  4.999990  
39
9.592147  9.567765  9.566553  9.575912  9.587094  9.584821  9.577744  9.572425  9.564968  9.572486  9.578045  9.565379  9.554192  9.544351  9.511724  9.443302  9.447553  9.607890  6.748720  6.754380  6.582414  6.264414  5.415562  4.653577  4.546363  4.491295  4.384414  4.229247  4.097550  3.999580  3.959236  3.932432  3.883107  3.867390  3.895511  3.874001  3.839155  3.868101  3.891201  3.935685  3.925713  3.919894  3.914367  3.871112  3.948390  4.027759  4.063163  4.112543  4.165737  4.212379  4.253211  4.261370  4.277756  4.326027  4.341174  4.336134  4.358926  4.483441  4.557626  4.524819  4.530313  4.604182  4.747643  4.880484  5.063645  5.279049  5.536453  6.089356  6.748275  7.205569  7.834461  8.296608  9.061018  9.465617  9.854459  9.863962  9.878217  9.863935  9.878005  4.999990  4.999990  
40
9.614425  9.579754  9.577079  9.582767  9.597376  9.597142  9.590878  9.584965  9.577249  9.585571  9.588926  9.577296  9.561328  9.553007  9.520354  9.463615  9.522386  9.756372  6.760544  6.771846  6.615059  6.301468  5.390741  4.659182  4.553749  4.478785  4.352098  4.200317  4.093218  3.999180  3.965741  3.939324  3.909960  3.911299  3.945225  3.923061  3.881185  3.920557  3.954393  4.008235  3.999624  3.992642  3.970219  3.929678  4.017642  4.075659  4.108940  4.169227  4.214689  4.262185  4.292439  4.287767  4.303579  4.355932  4.370630  4.371251  4.401649  4.505106  4.565738  4.546383  4.550407  4.629383  4.757163  4.903324  5.082843  5.262189  5.508298  6.152400  6.801680  7.237176  7.868401  8.347462  9.111174  9.543648  9.864457  9.872076  9.887212  9.876173  9.886377  4.999990  4.999990  
41
9.618289  9.573843  9.569682  9.574507  9.590602  9.595197  9.591236  9.586536  9.577576  9.587141  9.586675  9.577324  9.555481  9.545202  9.509760  9.481606  9.594591  9.834736  6.762721  6.783111  6.677730  6.383110  5.057519  4.698030  4.571934  4.465346  4.325972  4.180724  4.092291  4.011794  3.979575  3.954641  3.954413  3.962841  3.993341  3.964743  3.938860  3.985931  4.011316  4.070244  4.070785  4.079190  4.062512  4.041774  4.108216  4.156848  4.199597  4.246918  4.298571  4.335322  4.352502  4.333544  4.346694  4.396743  4.410233  4.411546  4.428062  4.526117  4.578115  4.557271  4.561575  4.645968  4.772306  4.906037  5.072801  5.252761  5.544126  6.172631  6.838252  7.265046  7.940485  8.435451  9.165445  9.554540  9.880615  9.890449  9.904045  9.888133  9.904045  4.999990  4.999990  
42
9.607851  9.565321  9.557343  9.561777  9.581119  9.585689  9.584664  9.580412  9.569690  9.576522  9.571541  9.562913  9.536114  9.520455  9.488445  9.456774  9.545022  9.688341  6.732926  6.778148  6.719829  5.652386  4.813295  4.712810  4.568913  4.437973  4.298316  4.175508  4.099503  4.038268  4.005136  3.979514  4.000601  4.017095  4.048831  4.029956  4.008148  4.049419  4.095152  4.159602  4.165204  4.171349  4.150806  4.138698  4.204769  4.246995  4.290413  4.346013  4.391197  4.411484  4.413581  4.391425  4.394409  4.442795  4.448746  4.443573  4.445749  4.525101  4.577934  4.567031  4.580327  4.670719  4.791846  4.910608  5.044255  5.220524  5.580365  6.217146  6.862673  7.296031  7.985723  8.485971  9.177834  9.498703  9.877459  9.877474  9.891069  9.897863  9.888597  4.999990  4.999990  
43
9.589417  9.553766  9.547647  9.551687  9.575088  9.580155  9.579691  9.572872  9.560431  9.560588  9.552900  9.547012  9.528236  9.513202  9.485825  9.449718  9.420183  9.276096  9.134004  6.763478  6.740784  5.036872  4.747850  4.678354  4.546292  4.405807  4.281297  4.185989  4.120036  4.068711  4.039604  4.013714  4.052939  4.068832  4.103819  4.089900  4.080206  4.118741  4.172595  4.238520  4.254539  4.245591  4.231561  4.222270  4.276220  4.315852  4.363961  4.421321  4.465639  4.474017  4.472198  4.438816  4.451768  4.483673  4.482423  4.478523  4.471758  4.549084  4.578012  4.567332  4.603540  4.696074  4.794262  4.891855  5.016714  5.219362  5.667064  6.264958  6.885243  7.295869  8.049551  8.502728  9.186816  9.449897  9.905282  9.883261  9.890453  9.882740  9.896475  4.999990  4.999990  
44
9.569851  9.546184  9.539018  9.547421  9.575518  9.583139  9.580555  9.568976  9.552173  9.549323  9.543093  9.545206  9.533712  9.525805  9.498132  9.448701  9.354515  9.215394  9.080390  7.466615  6.855842  4.743410  4.743410  4.678680  4.573057  4.408554  4.287941  4.216853  4.156527  4.116455  4.092307  4.068357  4.116910  4.132617  4.159361  4.153224  4.139545  4.172639  4.239737  4.312945  4.304390  4.320833  4.307425  4.325556  4.397179  4.418671  4.457590  4.531745  4.555070  4.566041  4.577219  4.565101  4.558473  4.571951  4.575592  4.596066  4.632037  4.673578  4.641969  4.626771  4.672400  4.759775  4.831332  4.894549  5.012153  5.297849  5.815978  6.366010  6.851105  7.293067  8.038417  8.475380  9.224566  9.408274  9.889281  9.903428  9.888018  9.903798  9.882915  4.999990  4.999990  
45
9.566796  9.543231  9.536158  9.548991  9.576679  9.585532  9.581527  9.567218  9.551277  9.545806  9.545004  9.558527  9.552177  9.551047  9.526025  9.471236  9.354920  9.228070  7.485303  7.465003  6.862576  6.372406  6.282221  4.842546  4.685971  4.511833  4.394095  4.318444  4.197897  4.165294  4.157145  4.215574  4.318147  4.354035  4.353908  4.359675  4.426107  4.481124  4.504756  4.522747  4.425904  4.501884  4.502944  4.525103  4.633994  4.622287  4.665817  4.675249  4.668435  4.668937  4.896384  4.756751  4.762524  4.695735  4.712490  4.753284  4.866797  5.010020  4.931220  4.980037  5.024006  4.961396  5.029392  5.025811  5.211799  5.595745  6.012361  6.448423  6.828983  7.316746  8.059197  8.519740  9.230448  9.381290  9.662411  9.916390  9.908057  9.916390  9.906020  4.999990  4.999990  
46
9.574601  9.547318  9.538435  9.545266  9.566698  9.578765  9.582628  9.570902  9.554855  9.550087  9.550566  9.567857  9.562700  9.559251  9.535569  9.490249  9.392921  9.273429  7.695667  7.421843  6.922882  6.439552  6.083627  5.561627  5.183825  4.943004  4.882357  4.896230  5.118093  5.043358  4.745156  4.766070  5.064211  5.187600  5.242447  5.232008  5.275262  5.272090  5.200431  5.191254  5.355372  5.281711  5.289127  5.408583  5.492019  5.417038  5.488924  5.644334  5.758636  5.697142  5.668177  5.594393  5.487160  5.657073  5.287173  5.455287  5.416720  5.478890  5.567006  5.530368  5.607819  5.522121  5.484444  5.581290  5.759230  6.043274  6.245091  6.473266  6.830611  7.320655  8.031810  8.496469  9.200313  9.351213  9.310414  9.223256  9.361420  9.380586  9.916390  4.999990  4.999990  
47
9.582302  9.546420  9.533988  9.536273  9.544902  9.561095  9.576844  9.571630  9.554907  9.546999  9.547375  9.564158  9.558219  9.554177  9.537285  9.493575  9.403794  9.234914  7.991989  7.380157  6.896055  6.430313  6.093145  5.790689  5.624244  5.489752  5.377057  5.277729  5.246809  5.205276  5.168983  5.279446  5.416555  5.461236  5.477020  5.485483  5.518699  5.558698  5.579591  5.592062  5.628078  5.669227  5.675571  5.719237  5.761944  5.780324  5.831142  5.853168  5.797426  5.765751  5.731520  5.684415  5.679253  5.673931  5.631549  5.586761  5.608221  5.686493  5.688868  5.673667  5.639703  5.619756  5.710320  5.858486  6.013526  6.215971  6.325413  6.454119  6.818700  7.372970  8.069380  8.521435  9.229798  9.371268  9.177299  9.375141  9.166247  9.439308  9.273443  4.999990  4.999990  
48
9.581756  9.537714  9.527833  9.527368  9.532142  9.548995  9.571196  9.568286  9.548743  9.538629  9.536049  9.550740  9.543021  9.541512  9.528181  9.491255  9.407936  9.242504  8.076059  7.367274  6.808712  6.360194  6.112466  5.879331  5.729823  5.667281  5.567824  5.446705  5.386840  5.366443  5.330787  5.427354  5.525757  5.530536  5.540901  5.569222  5.609059  5.626936  5.650435  5.677036  5.695020  5.722626  5.723884  5.758576  5.791342  5.818491  5.872653  5.885669  5.828652  5.798780  5.774441  5.733961  5.730457  5.692242  5.662652  5.644433  5.675731  5.729078  5.703785  5.675056  5.640755  5.636978  5.796460  5.971256  6.127634  6.283327  6.384880  6.489475  6.868511  7.428211  8.101609  8.574385  9.278029  9.493401  9.614403  9.910838  9.628409  9.906207  9.632195  4.999990  4.999990  
49
9.568546  9.519258  9.508744  9.509871  9.516312  9.538912  9.563404  9.558640  9.536757  9.526012  9.523566  9.535011  9.526802  9.525576  9.516994  9.480825  9.377158  9.195426  8.070433  7.360786  6.739130  6.324350  6.160094  5.939068  5.773450  5.709661  5.640375  5.527964  5.469736  5.443739  5.408066  5.494983  5.564459  5.562942  5.578999  5.612773  5.652602  5.671806  5.695878  5.728302  5.747119  5.760094  5.744922  5.772857  5.813634  5.854678  5.902726  5.912000  5.849387  5.819013  5.798667  5.775547  5.787083  5.741920  5.712845  5.685112  5.703228  5.739879  5.709440  5.689875  5.661126  5.707829  5.864570  6.021084  6.156116  6.303767  6.436699  6.560236  6.912044  7.403337  8.109342  8.584716  9.316394  9.533509  9.630859  9.717164  9.654513  9.821363  9.667006  4.999990  4.999990  
50
9.554535  9.498639  9.488799  9.492227  9.503105  9.527034  9.546721  9.543643  9.523383  9.511304  9.509404  9.514207  9.509048  9.509759  9.506628  9.461736  9.302498  9.084395  8.578782  7.383099  6.740476  6.372497  6.206188  5.976479  5.790995  5.746246  5.691484  5.590798  5.537642  5.513835  5.490709  5.564150  5.614021  5.608645  5.624083  5.663445  5.698482  5.716671  5.735297  5.772698  5.785268  5.792747  5.763775  5.782854  5.849638  5.899159  5.935509  5.941674  5.871232  5.842207  5.820444  5.813570  5.829077  5.776127  5.744769  5.708770  5.716187  5.756465  5.760687  5.770791  5.747491  5.796049  5.906673  6.029376  6.134027  6.292285  6.479870  6.628134  6.910222  7.353009  8.132202  8.648232  9.340834  9.607265  9.672531  9.816634  9.674287  9.814181  9.669628  4.999990  4.999990  
51
9.549401  9.484019  9.472511  9.480041  9.489951  9.508576  9.524936  9.524328  9.508318  9.500546  9.497608  9.494180  9.492618  9.495807  9.504486  9.456888  9.250123  9.000211  8.739127  7.645431  6.813468  6.386592  6.242996  6.014386  5.822903  5.781174  5.739882  5.651101  5.596243  5.582645  5.561350  5.631729  5.675266  5.654459  5.674018  5.714011  5.744021  5.761199  5.775250  5.818486  5.825492  5.826773  5.792592  5.804501  5.895002  5.944142  5.970289  5.969877  5.899454  5.867128  5.848570  5.848981  5.876520  5.824215  5.794465  5.756036  5.788616  5.844963  5.878078  5.874869  5.842665  5.853660  5.921999  6.013171  6.118855  6.306183  6.511839  6.667631  6.897780  7.288200  8.121662  8.699075  9.361475  9.642202  9.873144  9.781898  9.873144  9.793520  9.869123  4.999990  4.999990  
52
9.530903  9.472476  9.465992  9.475633  9.480054  9.489828  9.506018  9.507227  9.497283  9.488471  9.481236  9.476717  9.475760  9.484048  9.506235  9.457651  9.247484  8.995887  8.763833  7.612347  6.820291  6.410264  6.296285  6.059090  5.841891  5.803653  5.779765  5.702185  5.648112  5.627893  5.611474  5.692129  5.738452  5.700034  5.714099  5.743927  5.772611  5.791171  5.812094  5.864432  5.865697  5.863826  5.824583  5.826810  5.934181  5.987958  6.005447  6.008197  5.948926  5.922816  5.913302  5.901865  5.935027  5.888186  5.855242  5.835907  5.863194  5.918839  5.942873  5.940417  5.896554  5.898606  5.934723  6.009555  6.132033  6.320404  6.523085  6.661435  6.847078  7.314759  8.131562  8.764371  9.397209  9.674262  9.877474  9.797358  9.877474  9.800175  9.877474  4.999990  4.999990  
53
9.507941  9.460960  9.456760  9.470132  9.471992  9.473573  9.489482  9.493001  9.484947  9.476153  9.467344  9.462234  9.463594  9.474904  9.500382  9.448037  9.266796  9.034389  8.610985  7.601940  6.869407  6.443130  6.326033  6.126881  5.889553  5.834789  5.815137  5.746711  5.693100  5.668517  5.649249  5.736974  5.802531  5.751920  5.760435  5.782441  5.809067  5.831709  5.859453  5.924074  5.923354  5.919376  5.880276  5.889207  5.996600  6.050352  6.056777  6.069726  6.026965  6.016208  6.016611  5.987309  6.006802  5.977633  5.958219  5.945898  5.953879  5.968830  5.970225  5.962348  5.936125  5.943971  5.967452  6.026265  6.168504  6.356879  6.530968  6.653700  6.867937  7.355845  8.194041  8.833103  9.405686  9.688706  9.883039  9.845629  9.883039  9.842279  9.778092  4.999990  4.999990  
54
9.506656  9.453902  9.451376  9.469097  9.467736  9.465454  9.482434  9.489019  9.484253  9.474162  9.463758  9.458805  9.458997  9.466752  9.482077  9.453616  9.324548  9.108871  8.479906  7.499858  6.901644  6.471805  6.362199  6.188138  5.976058  5.876756  5.852698  5.797056  5.740567  5.709236  5.688481  5.773323  5.856302  5.813259  5.818031  5.832458  5.858840  5.892437  5.922600  5.992176  5.995956  5.994231  5.979590  5.988389  6.085888  6.126522  6.134238  6.148801  6.124327  6.121837  6.121965  6.092991  6.102002  6.063984  6.051636  6.042291  6.032441  6.012959  6.005702  6.000116  5.991653  6.006730  6.022305  6.069414  6.223678  6.406082  6.552908  6.649496  6.906088  7.446348  8.261229  8.879440  9.394589  9.663657  9.808347  9.893236  9.836240  9.888601  9.839113  4.999990  4.999990  
55
9.494038  9.448382  9.449747  9.470457  9.470203  9.464940  9.479846  9.490562  9.486294  9.477160  9.469845  9.467895  9.469548  9.466828  9.468413  9.455512  9.381432  9.213077  8.386045  7.334923  6.972744  6.489594  6.398757  6.263517  6.049401  5.928951  5.895480  5.844281  5.785137  5.754980  5.728014  5.800358  5.902422  5.871983  5.876107  5.882109  5.913245  5.952394  5.987323  6.060866  6.067013  6.069623  6.067850  6.121040  6.194777  6.215975  6.227969  6.246582  6.221804  6.213519  6.203141  6.177849  6.162933  6.133830  6.124931  6.112233  6.083416  6.054997  6.046206  6.046172  6.052480  6.072699  6.081336  6.130781  6.279993  6.451792  6.569773  6.664966  6.946058  7.518673  8.330682  8.966867  9.392391  9.609894  9.900651  9.638752  9.896943  9.664670  9.882495  4.999990  4.999990  
56
9.475147  9.449201  9.454888  9.482870  9.484252  9.479648  9.492332  9.501439  9.500815  9.494184  9.487108  9.490435  9.487957  9.480571  9.477261  9.471913  9.418327  9.273466  8.426702  7.378023  7.030582  6.515508  6.433524  6.312499  6.106645  5.980830  5.939218  5.887320  5.816152  5.782278  5.754550  5.823896  5.931256  5.920415  5.922935  5.922377  5.952900  5.997223  6.036982  6.118116  6.124108  6.117067  6.146341  6.216167  6.278865  6.289341  6.303077  6.331802  6.299404  6.281473  6.272160  6.238583  6.212105  6.186511  6.175090  6.156177  6.119839  6.087612  6.080208  6.089954  6.100836  6.116495  6.122328  6.173657  6.320013  6.487424  6.606039  6.701969  7.000415  7.643091  8.401395  9.062566  9.435114  9.487850  9.668166  9.531264  9.669272  9.585696  9.691790  4.999990  4.999990  
57
9.465389  9.461616  9.480990  9.514977  9.516936  9.505380  9.513567  9.530505  9.529550  9.523973  9.516933  9.519751  9.519841  9.509866  9.503005  9.498252  9.442493  9.302500  8.833881  7.279616  6.938068  6.537322  6.470839  6.356124  6.142856  6.023387  5.977305  5.917631  5.841019  5.809826  5.781601  5.845231  5.958187  5.960982  5.963334  5.968623  6.001088  6.043056  6.086797  6.165505  6.186219  6.199437  6.259764  6.292922  6.348575  6.357049  6.379664  6.414558  6.373644  6.357042  6.346080  6.309514  6.294847  6.257886  6.241677  6.214627  6.163027  6.124094  6.117925  6.126853  6.136279  6.153940  6.162387  6.218315  6.352869  6.518561  6.648619  6.751438  7.053813  7.739332  8.436119  9.115499  9.459392  9.898798  9.799441  9.693416  9.747449  9.696696  9.747665  4.999990  4.999990  
58
9.493478  9.501513  9.531984  9.567961  9.576585  9.558389  9.562105  9.588945  9.586433  9.581838  9.573526  9.571985  9.576049  9.562576  9.550457  9.535183  9.472960  9.314084  9.100915  7.990654  6.914680  6.580466  6.514701  6.392856  6.177036  6.053194  6.013256  5.954751  5.875044  5.846385  5.814919  5.874664  5.997467  6.013753  6.016031  6.025476  6.060172  6.100344  6.146658  6.226264  6.244058  6.271047  6.308519  6.346520  6.409126  6.409668  6.443603  6.489118  6.436846  6.426732  6.408811  6.376416  6.370002  6.313073  6.294860  6.263666  6.207449  6.167727  6.161877  6.167813  6.174919  6.190810  6.199757  6.250575  6.403913  6.576749  6.723616  6.827077  7.045701  7.748418  8.401433  9.108041  9.488630  9.884895  9.853844  9.883040  9.871292  9.893696  9.875373  4.999990  4.999990  
59
9.566730  9.555254  9.588871  9.632509  9.641567  9.626656  9.635510  9.658912  9.652505  9.642864  9.629026  9.633871  9.634322  9.622415  9.627044  9.611363  9.518434  9.338493  9.102454  8.109307  6.959876  6.630570  6.552423  6.427969  6.200553  6.073356  6.044858  5.992302  5.922008  5.895078  5.857526  5.917209  6.048761  6.073596  6.076918  6.089405  6.124216  6.166955  6.223016  6.299953  6.315139  6.340792  6.376163  6.417692  6.480344  6.473593  6.516000  6.557078  6.505678  6.497191  6.469973  6.428187  6.417003  6.352109  6.336937  6.307032  6.253730  6.226546  6.219058  6.214651  6.213531  6.224476  6.229222  6.271585  6.438934  6.635505  6.789004  6.887612  7.046292  7.719629  8.351353  9.119337  9.503301  9.888593  9.907134  9.885582  9.907134  9.886948  9.904046  4.999990  4.999990  
60
9.609488  9.601625  9.640026  9.677274  9.697562  9.693934  9.706392  9.726450  9.716814  9.703289  9.690119  9.697505  9.703129  9.690854  9.694710  9.693710  9.591802  9.397511  9.115488  8.063761  6.867537  6.649622  6.571299  6.460475  6.232899  6.096385  6.074185  6.027146  5.968157  5.944487  5.910948  5.975576  6.115073  6.133492  6.134752  6.153829  6.197173  6.240355  6.293233  6.381797  6.395885  6.421940  6.457675  6.497512  6.554881  6.553212  6.593931  6.623084  6.576643  6.561094  6.526876  6.482453  6.453486  6.392777  6.372175  6.345125  6.297163  6.277376  6.274867  6.258757  6.245374  6.248390  6.244547  6.277380  6.461621  6.674271  6.844286  6.935822  7.060980  7.707859  8.358556  9.093206  9.539623  9.837269  9.897871  9.858807  9.898612  9.886731  9.898612  4.999990  4.999990  
61
9.652345  9.643494  9.671163  9.704789  9.723310  9.729568  9.741288  9.760227  9.748196  9.734274  9.722719  9.731870  9.740010  9.733583  9.729639  9.729943  9.641117  9.411906  9.103681  8.123463  6.736590  6.657535  6.583051  6.477814  6.254474  6.123997  6.101920  6.060008  6.010580  5.988009  5.960789  6.034018  6.176208  6.185364  6.190347  6.224055  6.268204  6.318828  6.373129  6.464357  6.476871  6.504639  6.535575  6.581618  6.622481  6.625768  6.664785  6.683626  6.637046  6.618171  6.585052  6.538513  6.494851  6.437059  6.415270  6.390243  6.344851  6.323448  6.322579  6.299206  6.271188  6.264990  6.256970  6.329264  6.545786  6.732769  6.887696  6.972065  7.144400  7.731847  8.473173  9.209275  9.609684  9.898130  9.904355  9.896165  9.905652  9.894152  9.903428  4.999990  4.999990  
62
9.691963  9.679750  9.684945  9.706207  9.719717  9.733380  9.748363  9.765026  9.756212  9.739738  9.731923  9.743168  9.754721  9.751059  9.743018  9.730981  9.646847  9.423634  9.123367  8.253381  6.728824  6.665912  6.591623  6.485440  6.273460  6.149393  6.127589  6.087777  6.045904  6.028426  6.008461  6.077018  6.211573  6.224702  6.238523  6.282267  6.335620  6.391747  6.457843  6.539997  6.549225  6.570389  6.599337  6.640038  6.672459  6.677470  6.713834  6.718888  6.672445  6.648676  6.622883  6.575876  6.532255  6.483334  6.458421  6.427003  6.379214  6.358922  6.361158  6.330651  6.294946  6.288927  6.286773  6.404947  6.634997  6.819221  6.943386  7.031149  7.231336  7.773915  8.564410  9.273076  9.640235  9.908616  9.908060  9.906440  9.908060  9.904439  9.906763  4.999990  4.999990  
63
9.716626  9.700963  9.689934  9.705383  9.703480  9.718751  9.731376  9.746109  9.736995  9.718556  9.706299  9.723058  9.742954  9.745525  9.737713  9.724271  9.626293  9.410508  9.125558  8.267297  6.730136  6.675506  6.602341  6.495191  6.295568  6.170383  6.146916  6.111048  6.077993  6.063628  6.044876  6.107491  6.231313  6.251622  6.273125  6.333661  6.396647  6.457628  6.521871  6.590857  6.599494  6.618643  6.645073  6.685201  6.711592  6.711974  6.733189  6.727531  6.687237  6.662370  6.642895  6.606749  6.573012  6.527354  6.501210  6.466731  6.408898  6.383956  6.384280  6.352724  6.323591  6.322687  6.327646  6.425661  6.642002  6.856186  6.995581  7.091530  7.331044  7.905617  8.601831  9.311106  9.679243  9.900033  9.901114  9.899723  9.899724  9.899892  9.899724  4.999990  4.999990  
64
9.726977  9.704273  9.689534  9.702729  9.700045  9.707941  9.718008  9.724817  9.713237  9.698066  9.682540  9.696584  9.731411  9.742831  9.745308  9.736040  9.626204  9.377567  9.107670  8.196032  6.747281  6.690241  6.614912  6.509511  6.315622  6.184012  6.159276  6.126924  6.102324  6.094019  6.078952  6.129431  6.244169  6.268349  6.295401  6.367112  6.439672  6.499087  6.555868  6.619876  6.626031  6.636933  6.663998  6.709148  6.727128  6.724008  6.735408  6.724516  6.687410  6.668248  6.649799  6.627108  6.603777  6.543052  6.522858  6.490140  6.429302  6.396169  6.398715  6.366396  6.345035  6.350166  6.364758  6.434846  6.616519  6.876315  7.055717  7.138379  7.372983  7.995158  8.639031  9.334521  9.698165  9.893900  9.891849  9.897129  9.893053  9.899554  9.893053  4.999990  4.999990  
65
9.723712  9.694522  9.679917  9.693982  9.694365  9.701589  9.709435  9.715883  9.701510  9.692327  9.672604  9.681776  9.718856  9.742867  9.760745  9.755944  9.629570  9.397467  9.138783  8.559011  6.732860  6.680877  6.624126  6.534587  6.350104  6.204863  6.173481  6.139031  6.116676  6.111464  6.103735  6.152842  6.254858  6.283299  6.313575  6.391416  6.473856  6.525201  6.572180  6.630766  6.637166  6.643305  6.668611  6.707666  6.720415  6.717599  6.731582  6.713763  6.669827  6.646475  6.621412  6.599322  6.587336  6.531938  6.513195  6.492189  6.433975  6.397986  6.407290  6.377250  6.363803  6.369426  6.383492  6.431491  6.612321  6.892368  7.114563  7.180017  7.387154  8.022205  8.673113  9.365778  9.695795  9.903428  9.903428  9.899723  9.900648  9.899723  9.900648  4.999990  4.999990  
66
9.714298  9.683198  9.671024  9.684668  9.689510  9.698810  9.710151  9.714577  9.702086  9.690249  9.670445  9.679461  9.726068  9.769319  9.782730  9.761769  9.636496  9.421890  9.145705  8.275973  6.645307  6.675119  6.638409  6.570762  6.389820  6.235348  6.193884  6.149328  6.123970  6.119711  6.119552  6.176760  6.270898  6.300970  6.330534  6.407883  6.491523  6.536419  6.579558  6.633362  6.638848  6.639228  6.652473  6.681308  6.691751  6.691982  6.702918  6.682841  6.639587  6.612724  6.593399  6.566522  6.557160  6.518012  6.499681  6.490875  6.435240  6.393291  6.404345  6.385305  6.377731  6.382213  6.401268  6.458932  6.597725  6.892405  7.143926  7.209200  7.394498  8.094842  8.662535  9.353606  9.685468  9.892999  9.902194  9.892587  9.904540  9.887430  9.904540  4.999990  4.999990  
67
9.698429  9.666953  9.659792  9.673735  9.676669  9.690760  9.704355  9.710186  9.697948  9.680433  9.661027  9.668383  9.727962  9.788580  9.783653  9.734809  9.646501  9.452427  9.149445  8.342484  6.642870  6.697487  6.658493  6.597958  6.422001  6.267340  6.214895  6.162708  6.127320  6.120677  6.127024  6.187842  6.289959  6.332373  6.362484  6.437507  6.514085  6.551818  6.592466  6.639349  6.645435  6.641603  6.643305  6.667224  6.665885  6.659812  6.664850  6.636766  6.604642  6.577267  6.561088  6.529210  6.521942  6.502812  6.483671  6.481588  6.429550  6.384442  6.399572  6.392201  6.388130  6.390368  6.415078  6.500592  6.638474  6.916054  7.167814  7.238820  7.328618  8.180151  8.647296  9.320372  9.645278  9.844214  9.894625  9.797446  9.873718  9.795006  9.852913  4.999990  4.999990  
68
9.673407  9.647715  9.645661  9.666421  9.672776  9.688164  9.700056  9.699997  9.690443  9.667494  9.644722  9.639130  9.693765  9.762206  9.748757  9.708828  9.641895  9.495043  9.247823  8.577729  6.992325  6.716568  6.669047  6.607965  6.435670  6.279662  6.225232  6.174412  6.135025  6.127489  6.138206  6.203256  6.311306  6.367348  6.400117  6.470021  6.544837  6.573257  6.602882  6.641106  6.654062  6.654840  6.648603  6.657783  6.648309  6.637176  6.617582  6.595435  6.577017  6.551497  6.545832  6.517992  6.501428  6.490623  6.475772  6.474909  6.430726  6.387146  6.400051  6.402977  6.399808  6.399628  6.429701  6.520124  6.666931  6.932070  7.182953  7.251760  7.331609  8.167298  8.640800  9.333604  9.612885  9.728738  9.760296  9.843038  9.777090  9.849017  9.773666  4.999990  4.999990  
69
9.660007  9.633886  9.631769  9.663571  9.671654  9.684690  9.691087  9.686849  9.683351  9.660675  9.633750  9.618878  9.642826  9.706884  9.708817  9.683999  9.636754  9.511415  9.296966  8.717888  7.351739  6.810829  6.676893  6.606978  6.431172  6.281141  6.223659  6.185696  6.148588  6.144574  6.155702  6.222694  6.340971  6.403823  6.438362  6.503500  6.572364  6.586099  6.601215  6.630853  6.651470  6.660205  6.638323  6.637011  6.622735  6.608353  6.603001  6.593403  6.574984  6.552580  6.549604  6.527587  6.504198  6.496836  6.474698  6.463492  6.423970  6.385350  6.399569  6.411810  6.408232  6.402174  6.432887  6.511720  6.681557  6.953058  7.193615  7.254724  7.272231  8.078094  8.610000  9.325392  9.610614  9.725024  9.884894  9.841088  9.884894  9.845048  9.778001  4.999990  4.999990  
70
9.660993  9.631769  9.625813  9.664258  9.672130  9.675383  9.675572  9.671499  9.676697  9.658899  9.631004  9.613884  9.619822  9.658888  9.679489  9.676018  9.635857  9.533805  9.367944  8.776673  7.398436  6.844637  6.669960  6.590918  6.425471  6.279387  6.225410  6.192712  6.159634  6.159886  6.173095  6.245370  6.378504  6.425186  6.458196  6.518630  6.585706  6.596441  6.593401  6.610466  6.628105  6.644236  6.611351  6.597221  6.584658  6.583175  6.596749  6.596631  6.577872  6.553668  6.547778  6.537799  6.492144  6.480855  6.463537  6.445154  6.407180  6.370246  6.383556  6.397330  6.391971  6.386720  6.416863  6.489636  6.651549  6.955581  7.190060  7.252409  7.378772  8.047489  8.611150  9.325164  9.641069  9.792113  9.885822  9.857921  9.883040  9.857491  9.814523  4.999990  4.999990  
71
9.663977  9.632520  9.621582  9.666753  9.670393  9.662828  9.658185  9.652205  9.664547  9.657625  9.628698  9.616817  9.617596  9.635130  9.651351  9.656939  9.619759  9.554189  9.470695  8.746474  7.221579  6.848612  6.664626  6.583733  6.432304  6.278371  6.218244  6.186705  6.160891  6.166074  6.186627  6.273730  6.401397  6.430836  6.448850  6.506728  6.584548  6.606217  6.594790  6.597812  6.600021  6.610717  6.579314  6.548365  6.546158  6.561353  6.586236  6.598464  6.573913  6.555736  6.555961  6.555941  6.504798  6.467612  6.438473  6.415688  6.388720  6.351401  6.358184  6.364433  6.357405  6.359717  6.400774  6.452062  6.610321  6.924505  7.188385  7.256360  7.415030  8.012646  8.581423  9.295465  9.637978  9.804659  9.836678  9.883476  9.840707  9.895552  9.842887  4.999990  4.999990  
72
9.671795  9.636400  9.620687  9.660811  9.666800  9.646057  9.642491  9.636309  9.648894  9.645823  9.619800  9.612994  9.617715  9.623460  9.632313  9.632051  9.596110  9.518203  9.321748  8.728028  7.395328  6.839082  6.657857  6.580408  6.442539  6.285194  6.219739  6.183781  6.156122  6.159384  6.188041  6.281814  6.408157  6.424716  6.428283  6.480397  6.563118  6.597349  6.588278  6.584451  6.572881  6.575837  6.550595  6.519155  6.524572  6.539463  6.553615  6.575609  6.552656  6.546755  6.551901  6.547124  6.511266  6.455228  6.413786  6.393935  6.369431  6.328377  6.322798  6.313835  6.302920  6.316121  6.368986  6.407868  6.552801  6.896482  7.187647  7.282260  7.433072  7.981902  8.554034  9.246070  9.617164  9.824492  9.873013  9.820193  9.878491  9.824063  9.879180  4.999990  4.999990  
73
9.675817  9.636035  9.618079  9.654137  9.658419  9.627492  9.627538  9.624607  9.633934  9.635452  9.608094  9.608364  9.616225  9.617701  9.622443  9.615852  9.570466  9.486278  9.312495  8.752017  7.562610  6.803784  6.633173  6.566271  6.440158  6.282789  6.214251  6.176699  6.148772  6.154185  6.186287  6.277087  6.393580  6.407054  6.406831  6.458205  6.544672  6.583498  6.590031  6.585104  6.565606  6.558404  6.532393  6.499333  6.513027  6.525639  6.513364  6.524013  6.529473  6.526783  6.535791  6.520588  6.497915  6.476303  6.423507  6.398052  6.363911  6.315354  6.293028  6.269826  6.258464  6.282514  6.336493  6.384962  6.518473  6.878226  7.182018  7.295180  7.455517  7.920028  8.493752  9.187998  9.587597  9.778440  9.812215  9.905282  9.824095  9.880701  9.854758  4.999990  4.999990  
74
9.678473  9.633725  9.615112  9.638866  9.642459  9.608148  9.612324  9.613658  9.618026  9.624010  9.600896  9.599706  9.609126  9.603027  9.604915  9.590807  9.540696  9.462773  9.309963  8.688797  7.477672  6.757072  6.611010  6.561597  6.439273  6.277144  6.199910  6.163141  6.138910  6.146345  6.177589  6.253867  6.361539  6.387151  6.394597  6.459793  6.548711  6.579957  6.591290  6.584197  6.564958  6.551205  6.525651  6.484187  6.497857  6.512121  6.490726  6.509216  6.515395  6.509153  6.514743  6.481736  6.439227  6.433138  6.426209  6.402426  6.364174  6.314373  6.281499  6.254446  6.242826  6.265093  6.312233  6.363152  6.504693  6.863214  7.176806  7.296593  7.485670  7.882798  8.471644  9.153393  9.573764  9.774445  9.883032  9.859020  9.874976  9.858316  9.874476  4.999990  4.999990  
75
9.681589  9.629195  9.612309  9.624088  9.625690  9.595705  9.600901  9.609600  9.610982  9.614953  9.599675  9.602993  9.614269  9.604638  9.595869  9.562876  9.510597  9.433182  9.318110  8.667699  7.289124  6.678350  6.597815  6.547035  6.432386  6.273395  6.185646  6.153615  6.132765  6.140851  6.164762  6.226222  6.333260  6.379579  6.401521  6.480361  6.559326  6.573182  6.580108  6.573010  6.560098  6.548948  6.527144  6.481622  6.487554  6.498928  6.475462  6.495047  6.503672  6.497998  6.495248  6.457430  6.373230  6.409255  6.436851  6.408391  6.368269  6.317311  6.272640  6.241593  6.227833  6.262312  6.308063  6.343631  6.485831  6.840131  7.166508  7.292502  7.507885  7.884383  8.435162  9.132621  9.577102  9.800975  9.868691  9.909913  9.866868  9.905282  9.867832  4.999990  4.999990  
76
9.672125  9.617785  9.603022  9.610942  9.611872  9.583408  9.587787  9.601850  9.603946  9.610747  9.598328  9.596643  9.607612  9.596333  9.588721  9.549691  9.497400  9.419236  9.232450  8.466573  7.218184  6.681231  6.593574  6.534434  6.419657  6.269511  6.179512  6.147477  6.128154  6.134221  6.147963  6.198739  6.309125  6.366525  6.394556  6.475035  6.550230  6.561200  6.565845  6.559769  6.555238  6.545264  6.531014  6.485884  6.480434  6.490631  6.470296  6.489079  6.494727  6.493682  6.491066  6.464238  6.369748  6.392494  6.433828  6.402054  6.360605  6.316686  6.267731  6.231981  6.212327  6.263717  6.303468  6.330890  6.455205  6.810607  7.143941  7.262336  7.507657  7.891759  8.430595  9.153341  9.600589  9.824992  9.866312  9.881183  9.869736  9.886374  9.869403  4.999990  4.999990  
77
9.655200  9.602815  9.590816  9.602700  9.602595  9.578598  9.578405  9.595380  9.597772  9.602744  9.593415  9.590225  9.597755  9.593202  9.592434  9.556357  9.504065  9.374891  9.136302  8.258186  7.318574  6.735723  6.602190  6.522212  6.404089  6.267002  6.176835  6.144570  6.119271  6.118687  6.127668  6.177387  6.288913  6.359914  6.385238  6.456618  6.535676  6.557018  6.555517  6.552205  6.549084  6.540202  6.532935  6.494189  6.480479  6.488599  6.470587  6.484702  6.486513  6.488675  6.490083  6.473868  6.370995  6.361853  6.407278  6.384431  6.347871  6.314725  6.263928  6.222815  6.199822  6.229342  6.287118  6.321934  6.452077  6.793009  7.115850  7.240440  7.507007  7.902494  8.411662  9.173523  9.614051  9.845863  9.874158  9.886745  9.874406  9.886745  9.874406  4.999990  4.999990  
78
9.612984  9.578785  9.576362  9.592978  9.593654  9.572378  9.570486  9.585732  9.588822  9.593093  9.585910  9.576874  9.584904  9.583901  9.591358  9.560581  9.507861  9.315771  9.018308  8.283792  7.334656  6.799566  6.616907  6.509472  6.380900  6.256693  6.174080  6.145241  6.118767  6.110388  6.112146  6.161289  6.279736  6.354292  6.377905  6.435818  6.519708  6.544938  6.536923  6.544927  6.544419  6.533997  6.528651  6.498256  6.479290  6.486076  6.462758  6.467583  6.471318  6.472999  6.478999  6.475871  6.398250  6.365448  6.399349  6.370392  6.333655  6.305163  6.258300  6.211976  6.187613  6.213378  6.268966  6.311530  6.435892  6.764736  7.085363  7.218660  7.511904  7.854353  8.391867  9.142497  9.621558  9.856374  9.889524  9.900342  9.884703  9.900342  9.886741  4.999990  4.999990  
79
9.565824  9.542043  9.560197  9.576813  9.580663  9.559715  9.558426  9.574928  9.576252  9.580338  9.572225  9.563100  9.571630  9.577364  9.587296  9.560187  9.493715  9.316046  8.977873  8.323330  7.376840  6.836808  6.629486  6.490923  6.356890  6.235824  6.156685  6.131586  6.113064  6.106193  6.104932  6.140274  6.262173  6.336840  6.362977  6.418084  6.514030  6.533052  6.521686  6.533243  6.540603  6.526378  6.523715  6.506376  6.487762  6.487329  6.456832  6.452406  6.458990  6.462741  6.470201  6.469611  6.439586  6.386137  6.380476  6.355166  6.315104  6.294639  6.249252  6.202047  6.177018  6.205705  6.266060  6.309084  6.425965  6.734448  7.052544  7.199186  7.514234  7.856954  8.362857  9.059284  9.604673  9.850737  9.885821  9.914539  9.901041  9.911762  9.909539  4.999990  4.999990  
80
9.519603  9.514047  9.546129  9.568111  9.569233  9.552737  9.551791  9.565207  9.565328  9.567303  9.560711  9.554014  9.566677  9.573733  9.581194  9.555301  9.489504  9.337784  9.049831  8.332982  7.364315  6.855768  6.630914  6.473794  6.344703  6.223456  6.132064  6.103831  6.098636  6.097381  6.099563  6.130995  6.243197  6.319121  6.347930  6.399756  6.502129  6.528040  6.520242  6.534187  6.542877  6.521776  6.520583  6.499648  6.486898  6.479017  6.447586  6.434998  6.440109  6.450406  6.452891  6.451221  6.403719  6.313679  6.328717  6.340930  6.296158  6.279621  6.232125  6.184435  6.164648  6.202098  6.266448  6.308621  6.388677  6.715455  7.015577  7.192996  7.522700  7.873663  8.375641  9.033744  9.580841  9.833542  9.911762  9.913798  9.913304  9.910604  9.914168  4.999990  4.999990  
81
9.455193  9.489986  9.532282  9.556857  9.556269  9.540322  9.542383  9.556089  9.553226  9.553985  9.549397  9.547211  9.563003  9.571841  9.577966  9.556548  9.493624  9.386297  9.065400  8.299284  7.439857  6.905778  6.611089  6.445963  6.334921  6.223615  6.125595  6.089755  6.092192  6.096457  6.098136  6.121055  6.222917  6.300716  6.331702  6.380117  6.466019  6.503105  6.498785  6.523987  6.541225  6.521011  6.522708  6.505663  6.481614  6.467765  6.438773  6.420146  6.426712  6.443645  6.445713  6.445651  6.446780  6.384103  6.351851  6.336947  6.279238  6.263023  6.213098  6.167054  6.154771  6.202394  6.271723  6.308105  6.377478  6.698810  6.996407  7.168146  7.524490  7.880260  8.420273  9.068229  9.580632  9.826797  9.909352  9.916390  9.907952  9.916390  9.905614  4.999990  4.999990  
82
9.472612  9.487366  9.531800  9.549321  9.546040  9.528883  9.535661  9.550627  9.542811  9.541577  9.540224  9.543013  9.560102  9.563653  9.565245  9.550177  9.487368  9.404365  9.090117  8.430290  7.462778  6.945331  6.590489  6.427076  6.338234  6.242002  6.140315  6.089664  6.087077  6.089764  6.089151  6.099362  6.185118  6.286456  6.318293  6.363184  6.433991  6.485175  6.499026  6.534906  6.551710  6.521048  6.522613  6.505954  6.471493  6.454597  6.428475  6.409906  6.420925  6.437681  6.438421  6.434946  6.448072  6.418179  6.381090  6.339266  6.267512  6.246784  6.194120  6.150325  6.148464  6.206912  6.281415  6.309493  6.369623  6.671154  6.972198  7.137433  7.511340  7.873027  8.427841  9.069344  9.573874  9.815629  9.896541  9.901570  9.915464  9.911762  9.916390  4.999990  4.999990  
83
9.511865  9.509873  9.529099  9.540548  9.535762  9.517758  9.526873  9.544656  9.536969  9.532470  9.531431  9.535883  9.553184  9.553308  9.553823  9.540489  9.485186  9.392975  9.109358  8.614383  7.478023  6.951383  6.576429  6.413644  6.343816  6.272664  6.171553  6.103215  6.083180  6.078328  6.076788  6.085121  6.146724  6.274763  6.315833  6.364126  6.430858  6.479812  6.492982  6.543687  6.563374  6.522108  6.514795  6.493643  6.452999  6.431324  6.409085  6.394959  6.411948  6.431255  6.434435  6.426766  6.460551  6.454667  6.403205  6.329736  6.260209  6.238153  6.185006  6.138314  6.140305  6.218424  6.287694  6.312759  6.351267  6.650233  6.941618  7.123386  7.517167  7.885985  8.424433  9.072167  9.571814  9.794117  9.880971  9.898170  9.909603  9.898170  9.909603  4.999990  4.999990  
84
9.544948  9.525001  9.523542  9.528618  9.526270  9.507162  9.517970  9.539791  9.528903  9.524715  9.522705  9.528001  9.543523  9.543694  9.544935  9.531907  9.480264  9.368726  9.053382  8.545634  7.573531  6.949347  6.598085  6.420423  6.339052  6.283973  6.207687  6.130641  6.093553  6.076298  6.072162  6.078069  6.163605  6.263178  6.303769  6.365140  6.402885  6.405544  6.428675  6.493039  6.534379  6.509235  6.493382  6.466819  6.431857  6.404416  6.387794  6.377259  6.399192  6.426221  6.431042  6.421843  6.412498  6.387942  6.339828  6.285544  6.252831  6.230087  6.190335  6.146586  6.128736  6.208336  6.280726  6.309111  6.353208  6.652593  6.927078  7.151649  7.514408  7.893310  8.406560  8.978297  9.499038  9.743332  9.888273  9.912690  9.840320  9.794608  9.840320  4.999990  4.999990  
85
4.999990  4.999990  4.999990  4.999990  4.999990  4.999990  4.999990  4.999990  4.999990  4.999990  4.999990  4.999990  4.999990  4.999990  4.999990  4.999990  4.999990  4.999990  4.999990  4.999990  4.999990  4.999990  4.999990  4.999990  4.999990  4.999990  4.999990  4.999990  4.999990  4.999990  4.999990  4.999990  4.999990  4.999990  4.999990  4.999990  4.999990  4.999990  4.999990  4.999990  4.999990  4.999990  4.999990  4.999990  4.999990  4.999990  4.999990  4.999990  4.999990  4.999990  4.999990  4.999990  4.999990  4.999990  4.999990  4.999990  4.999990  4.999990  4.999990  4.999990  4.999990  4.999990  4.999990  4.999990  4.999990  4.999990  4.999990  4.999990  4.999990  4.999990  4.999990  4.999990  4.999990  4.999990  4.999990  4.999990  4.999990  4.999990  4.999990  4.999990  4.999990  
86
4.999990  4.999990  4.999990  4.999990  4.999990  4.999990  4.999990  4.999990  4.999990  4.999990  4.999990  4.999990  4.999990  4.999990  4.999990  4.999990  4.999990  4.999990  4.999990  4.999990  4.999990  4.999990  4.999990  4.999990  4.999990  4.999990  4.999990  4.999990  4.999990  4.999990  4.999990  4.999990  4.999990  4.999990  4.999990  4.999990  4.999990  4.999990  4.999990  4.999990  4.999990  4.999990  4.999990  4.999990  4.999990  4.999990  4.999990  4.999990  4.999990  4.999990  4.999990  4.999990  4.999990  4.999990  4.999990  4.999990  4.999990  4.999990  4.999990  4.999990  4.999990  4.999990  4.999990  4.999990  4.999990  4.999990  4.999990  4.999990  4.999990  4.999990  4.999990  4.999990  4.999990  4.999990  4.999990  4.999990  4.999990  4.999990  4.999990  4.999990  4.999990  
87
4.999990  4.999990  4.999990  4.999990  4.999990  4.999990  4.999990  4.999990  4.999990  4.999990  4.999990  4.999990  4.999990  4.999990  4.999990  4.999990  4.999990  4.999990  4.999990  4.999990  4.999990  4.999990  4.999990  4.999990  4.999990  4.999990  4.999990  4.999990  4.999990  4.999990  4.999990  4.999990  4.999990  4.999990  4.999990  4.999990  4.999990  4.999990  4.999990  4.999990  4.999990  4.999990  4.999990  4.999990  4.999990  4.999990  4.999990  4.999990  4.999990  4.999990  4.999990  4.999990  4.999990  4.999990  4.999990  4.999990  4.999990  4.999990  4.999990  4.999990  4.999990  4.999990  4.999990  4.999990  4.999990  4.999990  4.999990  4.999990  4.999990  4.999990  4.999990  4.999990  4.999990  4.999990  4.999990  4.999990  4.999990  4.999990  4.999990  4.999990  4.999990  
88
4.999990  4.999990  4.999990  4.999990  4.999990  4.999990  4.999990  4.999990  4.999990  4.999990  4.999990  4.999990  4.999990  4.999990  4.999990  4.999990  4.999990  4.999990  4.999990  4.999990  4.999990  4.999990  4.999990  4.999990  4.999990  4.999990  4.999990  4.999990  4.999990  4.999990  4.999990  4.999990  4.999990  4.999990  4.999990  4.999990  4.999990  4.999990  4.999990  4.999990  4.999990  4.999990  4.999990  4.999990  4.999990  4.999990  4.999990  4.999990  4.999990  4.999990  4.999990  4.999990  4.999990  4.999990  4.999990  4.999990  4.999990  4.999990  4.999990  4.999990  4.999990  4.999990  4.999990  4.999990  4.999990  4.999990  4.999990  4.999990  4.999990  4.999990  4.999990  4.999990  4.999990  4.999990  4.999990  4.999990  4.999990  4.999990  4.999990  4.999990  4.999990  
89
4.999990  4.999990  4.999990  4.999990  4.999990  4.999990  4.999990  4.999990  4.999990  4.999990  4.999990  4.999990  4.999990  4.999990  4.999990  4.999990  4.999990  4.999990  4.999990  4.999990  4.999990  4.999990  4.999990  4.999990  4.999990  4.999990  4.999990  4.999990  4.999990  4.999990  4.999990  4.999990  4.999990  4.999990  4.999990  4.999990  4.999990  4.999990  4.999990  4.999990  4.999990  4.999990  4.999990  4.999990  4.999990  4.999990  4.999990  4.999990  4.999990  4.999990  4.999990  4.999990  4.999990  4.999990  4.999990  4.999990  4.999990  4.999990  4.999990  4.999990  4.999990  4.999990  4.999990  4.999990  4.999990  4.999990  4.999990  4.999990  4.999990  4.999990  4.999990  4.999990  4.999990  4.999990  4.999990  4.999990  4.999990  4.999990  4.999990  4.999990  4.999990  
90
4.999990  4.999990  4.999990  4.999990  4.999990  4.999990  4.999990  4.999990  4.999990  4.999990  4.999990  4.999990  4.999990  4.999990  4.999990  4.999990  4.999990  4.999990  4.999990  4.999990  4.999990  4.999990  4.999990  4.999990  4.999990  4.999990  4.999990  4.999990  4.999990  4.999990  4.999990  4.999990  4.999990  4.999990  4.999990  4.999990  4.999990  4.999990  4.999990  4.999990  4.999990  4.999990  4.999990  4.999990  4.999990  4.999990  4.999990  4.999990  4.999990  4.999990  4.999990  4.999990  4.999990  4.999990  4.999990  4.999990  4.999990  4.999990  4.999990  4.999990  4.999990  4.999990  4.999990  4.999990  4.999990  4.999990  4.999990  4.999990  4.999990  4.999990  4.999990  4.999990  4.999990  4.999990  4.999990  4.999990  4.999990  4.999990  4.999990  4.999990  4.999990  
91
4.999990  4.999990  4.999990  4.999990  4.999990  4.999990  4.999990  4.999990  4.999990  4.999990  4.999990  4.999990  4.999990  4.999990  4.999990  4.999990  4.999990  4.999990  4.999990  4.999990  4.999990  4.999990  4.999990  4.999990  4.999990  4.999990  4.999990  4.999990  4.999990  4.999990  4.999990  4.999990  4.999990  4.999990  4.999990  4.999990  4.999990  4.999990  4.999990  4.999990  4.999990  4.999990  4.999990  4.999990  4.999990  4.999990  4.999990  4.999990  4.999990  4.999990  4.999990  4.999990  4.999990  4.999990  4.999990  4.999990  4.999990  4.999990  4.999990  4.999990  4.999990  4.999990  4.999990  4.999990  4.999990  4.999990  4.999990  4.999990  4.999990  4.999990  4.999990  4.999990  4.999990  4.999990  4.999990  4.999990  4.999990  4.999990  4.999990  4.999990  4.999990  
92
4.999990  4.999990  4.999990  4.999990  4.999990  4.999990  4.999990  4.999990  4.999990  4.999990  4.999990  4.999990  4.999990  4.999990  4.999990  4.999990  4.999990  4.999990  4.999990  4.999990  4.999990  4.999990  4.999990  4.999990  4.999990  4.999990  4.999990  4.999990  4.999990  4.999990  4.999990  4.999990  4.999990  4.999990  4.999990  4.999990  4.999990  4.999990  4.999990  4.999990  4.999990  4.999990  4.999990  4.999990  4.999990  4.999990  4.999990  4.999990  4.999990  4.999990  4.999990  4.999990  4.999990  4.999990  4.999990  4.999990  4.999990  4.999990  4.999990  4.999990  4.999990  4.999990  4.999990  4.999990  4.999990  4.999990  4.999990  4.999990  4.999990  4.999990  4.999990  4.999990  4.999990  4.999990  4.999990  4.999990  4.999990  4.999990  4.999990  4.999990  4.999990  
93
4.999990  4.999990  4.999990  4.999990  4.999990  4.999990  4.999990  4.999990  4.999990  4.999990  4.999990  4.999990  4.999990  4.999990  4.999990  4.999990  4.999990  4.999990  4.999990  4.999990  4.999990  4.999990  4.999990  4.999990  4.999990  4.999990  4.999990  4.999990  4.999990  4.999990  4.999990  4.999990  4.999990  4.999990  4.999990  4.999990  4.999990  4.999990  4.999990  4.999990  4.999990  4.999990  4.999990  4.999990  4.999990  4.999990  4.999990  4.999990  4.999990  4.999990  4.999990  4.999990  4.999990  4.999990  4.999990  4.999990  4.999990  4.999990  4.999990  4.999990  4.999990  4.999990  4.999990  4.999990  4.999990  4.999990  4.999990  4.999990  4.999990  4.999990  4.999990  4.999990  4.999990  4.999990  4.999990  4.999990  4.999990  4.999990  4.999990  4.999990  4.999990  
94
4.999990  4.999990  4.999990  4.999990  4.999990  4.999990  4.999990  4.999990  4.999990  4.999990  4.999990  4.999990  4.999990  4.999990  4.999990  4.999990  4.999990  4.999990  4.999990  4.999990  4.999990  4.999990  4.999990  4.999990  4.999990  4.999990  4.999990  4.999990  4.999990  4.999990  4.999990  4.999990  4.999990  4.999990  4.999990  4.999990  4.999990  4.999990  4.999990  4.999990  4.999990  4.999990  4.999990  4.999990  4.999990  4.999990  4.999990  4.999990  4.999990  4.999990  4.999990  4.999990  4.999990  4.999990  4.999990  4.999990  4.999990  4.999990  4.999990  4.999990  4.999990  4.999990  4.999990  4.999990  4.999990  4.999990  4.999990  4.999990  4.999990  4.999990  4.999990  4.999990  4.999990  4.999990  4.999990  4.999990  4.999990  4.999990  4.999990  4.999990  4.999990  
95
4.999990  4.999990  4.999990  4.999990  4.999990  4.999990  4.999990  4.999990  4.999990  4.999990  4.999990  4.999990  4.999990  4.999990  4.999990  4.999990  4.999990  4.999990  4.999990  4.999990  4.999990  4.999990  4.999990  4.999990  4.999990  4.999990  4.999990  4.999990  4.999990  4.999990  4.999990  4.999990  4.999990  4.999990  4.999990  4.999990  4.999990  4.999990  4.999990  4.999990  4.999990  4.999990  4.999990  4.999990  4.999990  4.999990  4.999990  4.999990  4.999990  4.999990  4.999990  4.999990  4.999990  4.999990  4.999990  4.999990  4.999990  4.999990  4.999990  4.999990  4.999990  4.999990  4.999990  4.999990  4.999990  4.999990  4.999990  4.999990  4.999990  4.999990  4.999990  4.999990  4.999990  4.999990  4.999990  4.999990  4.999990  4.999990  4.999990  4.999990  4.999990  
96
4.999990  4.999990  4.999990  4.999990  4.999990  4.999990  4.999990  4.999990  4.999990  4.999990  4.999990  4.999990  4.999990  4.999990  4.999990  4.999990  4.999990  4.999990  4.999990  4.999990  4.999990  4.999990  4.999990  4.999990  4.999990  4.999990  4.999990  4.999990  4.999990  4.999990  4.999990  4.999990  4.999990  4.999990  4.999990  4.999990  4.999990  4.999990  4.999990  4.999990  4.999990  4.999990  4.999990  4.999990  4.999990  4.999990  4.999990  4.999990  4.999990  4.999990  4.999990  4.999990  4.999990  4.999990  4.999990  4.999990  4.999990  4.999990  4.999990  4.999990  4.999990  4.999990  4.999990  4.999990  4.999990  4.999990  4.999990  4.999990  4.999990  4.999990  4.999990  4.999990  4.999990  4.999990  4.999990  4.999990  4.999990  4.999990  4.999990  4.999990  4.999990  
